time,step-size,{bodyFMU}.body.robot_theta,{bodyFMU}.body.robot_x,{bodyFMU}.body.robot_y,{bodyFMU}.body.robot_z,{bodyFMU}.body.total_energy_used,{bodyFMU}.body.wheel_left_rotation,{bodyFMU}.body.wheel_right_rotation,{controllerFMU}.controller.servoLeftVal,{controllerFMU}.controller.servoRightVal,{sensorFMU}.sensor1.lf_1_sensor_reading,{sensorFMU}.sensor1.offset_x,{sensorFMU}.sensor1.offset_y,{sensorFMU}.sensor2.lf_1_sensor_reading,{sensorFMU}.sensor2.offset_x,{sensorFMU}.sensor2.offset_y
0.0,0.0,0.0,0.138,-0.08,0.0,0.0,0.0,0.0,0.0,0.0,1.0000000000000002,0.054,0.169,0.0,-0.054,0.169
0.05,0.05,0.0,0.138,-0.08,0.0,0.40000000000009095,0.0,0.0,0.5,-0.5,251.00000000000006,0.054,0.169,251.00000000000006,-0.054,0.169
0.1,0.05,0.0,0.138,-0.0785621839899874,0.0,0.9783355409931573,0.043242586767296004,-0.043242586767296004,0.5,-0.5,254.00000000000006,0.054,0.169,254.00000000000006,-0.054,0.169
0.2,0.1,0.0,0.138,-0.07313279335529456,0.0,2.8616998949578374,0.20653253066783275,-0.20653253066783275,0.5,-0.5,255.00000000000006,0.054,0.169,254.00000000000006,-0.054,0.169
0.3,0.09999999999999998,0.0,0.138,-0.06690839598506362,0.0,5.062754414330357,0.39373245157703374,-0.39373245157703374,0.5,-0.5,254.00000000000006,0.054,0.169,255.00000000000006,-0.054,0.169
0.4,0.10000000000000003,0.0,0.138,-0.06056281516774991,0.0,7.317072716476559,0.5845769874360928,-0.5845769874360928,0.5,-0.5,255.00000000000006,0.054,0.169,255.00000000000006,-0.054,0.169
0.5,0.09999999999999998,0.0,0.138,-0.05419876227065322,0.0,9.579622467769696,0.7759770745668203,-0.7759770745668203,0.5,-0.5,254.00000000000006,0.054,0.169,254.00000000000006,-0.054,0.169
0.6,0.09999999999999998,0.0,0.138,-0.04783189366118226,0.0,11.843429556681713,0.967461844776474,-0.967461844776474,0.5,-0.5,254.00000000000006,0.054,0.169,254.00000000000006,-0.054,0.169
0.7,0.09999999999999998,0.0,0.138,-0.04146459585065394,0.0,14.107428363157396,1.1589595232886045,-1.1589595232886045,0.5,-0.5,254.00000000000006,0.054,0.169,254.00000000000006,-0.054,0.169
0.8,0.10000000000000009,0.0,0.138,-0.03509723261670048,0.0,16.371456394689176,1.3504591694225438,-1.3504591694225438,0.5,-0.5,254.00000000000006,0.054,0.169,255.00000000000006,-0.054,0.169
0.9,0.09999999999999998,0.0,0.138,-0.028729859410207413,0.0,18.63548888104924,1.541959115482486,-1.541959115482486,0.5,-0.5,254.00000000000006,0.054,0.169,254.00000000000006,-0.054,0.169
1.0,0.09999999999999998,0.0,0.138,-0.022362484683592976,0.0,20.89952204646397,1.7334591072603636,-1.7334591072603636,0.5,-0.5,254.00000000000006,0.054,0.169,255.00000000000006,-0.054,0.169
1.1,0.10000000000000009,0.0,0.138,-0.015995109725264578,0.0,23.16355531538602,1.92495910600708,-1.92495910600708,0.5,-0.5,254.00000000000006,0.054,0.169,254.00000000000006,-0.054,0.169
1.2,0.09999999999999987,0.0,0.138,-0.009627734731616072,0.0,25.427588600087347,2.116459105816057,-2.116459105816057,0.5,-0.5,254.00000000000006,0.054,0.169,254.00000000000006,-0.054,0.169
1.3,0.10000000000000009,0.0,0.138,-0.003260359732583623,0.0,27.69162188719247,2.307959105786959,-2.307959105786959,0.5,-0.5,254.00000000000006,0.054,0.169,254.00000000000006,-0.054,0.169
1.4,0.09999999999999987,0.0,0.138,0.0031070152672694473,0.0,29.955655174665026,2.499459105782542,-2.499459105782542,0.5,-0.5,254.00000000000006,0.054,0.169,254.00000000000006,-0.054,0.169
1.5,0.10000000000000009,0.0,0.138,0.009474390267247682,0.0,32.21968846219352,2.690959105781887,-2.690959105781887,0.5,-0.5,254.00000000000006,0.054,0.169,254.00000000000006,-0.054,0.169
1.6,0.10000000000000009,0.0,0.138,0.015841765267244942,0.0,34.48372174972974,2.8824591057818036,-2.8824591057818036,0.5,-0.5,254.00000000000006,0.054,0.169,255.00000000000006,-0.054,0.169
1.7,0.09999999999999987,0.0,0.138,0.022209140267244923,0.0,36.747755037268234,3.073959105781812,-3.073959105781812,0.5,-0.5,254.00000000000006,0.054,0.169,254.00000000000006,-0.054,0.169
1.8,0.10000000000000009,0.0,0.138,0.028576515267244917,0.0,39.01178832480673,3.2654591057818223,-3.2654591057818223,0.5,-0.5,254.00000000000006,0.054,0.169,254.00000000000006,-0.054,0.169
1.9,0.09999999999999987,0.0,0.138,0.03494389026724491,0.0,41.275821612344316,3.456959105781832,-3.456959105781832,0.5,-0.5,254.00000000000006,0.054,0.169,254.00000000000006,-0.054,0.169
2.0,0.10000000000000009,0.0,0.138,0.04131126526724491,0.0,43.53985489988327,3.6484591057818423,-3.6484591057818423,0.5,-0.5,255.00000000000006,0.054,0.169,254.00000000000006,-0.054,0.169
2.1,0.10000000000000009,0.0,0.138,0.0476786402672449,0.0,45.80388818742085,3.8399591057818525,-3.8399591057818525,0.5,-0.5,254.00000000000006,0.054,0.169,254.00000000000006,-0.054,0.169
2.2,0.10000000000000009,0.0,0.138,0.05404601526724488,0.0,48.0679214749598,4.03145910578187,-4.03145910578187,0.5,-0.5,254.00000000000006,0.054,0.169,255.00000000000006,-0.054,0.169
2.3,0.09999999999999964,0.0,0.138,0.060413390267244835,0.0,50.331954762497844,4.222959105781924,-4.222959105781924,0.5,-0.5,255.00000000000006,0.054,0.169,254.00000000000006,-0.054,0.169
2.4,0.10000000000000009,0.0,0.138,0.06678076526724482,0.0,52.595988050035885,4.414459105781979,-4.414459105781979,0.5,-0.5,254.00000000000006,0.054,0.169,254.00000000000006,-0.054,0.169
2.5,0.10000000000000009,0.0,0.138,0.0731481402672448,0.0,54.860021337574835,4.605959105782033,-4.605959105782033,0.5,-0.5,254.00000000000006,0.054,0.169,255.00000000000006,-0.054,0.169
2.6,0.10000000000000009,0.0,0.138,0.07951551526724478,0.0,57.124054625112876,4.797459105782088,-4.797459105782088,0.5,-0.5,254.00000000000006,0.054,0.169,254.00000000000006,-0.054,0.169
2.7,0.10000000000000009,0.0,0.138,0.08588289026724476,0.0,59.38808791265183,4.9889591057821425,-4.9889591057821425,0.5,-0.5,254.00000000000006,0.054,0.169,254.00000000000006,-0.054,0.169
2.8,0.09999999999999964,0.0,0.138,0.09225026526724471,0.0,61.65212120019032,5.180459105782196,-5.180459105782196,0.5,-0.5,255.00000000000006,0.054,0.169,255.00000000000006,-0.054,0.169
2.9,0.10000000000000009,0.0,0.138,0.09861764026724469,0.0,63.91615448772836,5.371959105782251,-5.371959105782251,0.5,-0.5,254.00000000000006,0.054,0.169,254.00000000000006,-0.054,0.169
3.0,0.10000000000000009,0.0,0.138,0.10498501526724467,0.0,66.18018777526686,5.5634591057823055,-5.5634591057823055,0.5,-0.5,254.00000000000006,0.054,0.169,254.00000000000006,-0.054,0.169
3.1,0.10000000000000009,0.0,0.138,0.11135239026724465,0.0,68.4442210628049,5.75495910578236,-5.75495910578236,0.5,-0.5,254.00000000000006,0.054,0.169,255.00000000000006,-0.054,0.169
3.2,0.10000000000000009,0.0,0.138,0.11771976526724463,0.0,70.70825435034385,5.946459105782415,-5.946459105782415,0.5,-0.5,254.00000000000006,0.054,0.169,255.00000000000006,-0.054,0.169
3.3,0.09999999999999964,0.0,0.138,0.12408714026724459,0.0,72.97228763788235,6.1379591057824685,-6.1379591057824685,0.5,-0.5,254.00000000000006,0.054,0.169,254.00000000000006,-0.054,0.169
3.4,0.10000000000000009,0.0,0.138,0.13045451526724455,0.0,75.23632092542039,6.329459105782523,-6.329459105782523,0.5,-0.5,254.00000000000006,0.054,0.169,254.00000000000006,-0.054,0.169
3.5,0.10000000000000009,0.0,0.138,0.13682189026724456,0.0,77.50035421295934,6.520959105782578,-6.520959105782578,0.5,-0.5,254.00000000000006,0.054,0.169,254.00000000000006,-0.054,0.169
3.6,0.10000000000000009,0.0,0.138,0.14318926526724451,0.0,79.76438750049738,6.712459105782632,-6.712459105782632,0.5,-0.5,254.00000000000006,0.054,0.169,254.00000000000006,-0.054,0.169
3.7,0.10000000000000009,0.0,0.138,0.14955664026724452,0.0,82.02842078803633,6.903959105782687,-6.903959105782687,0.5,-0.5,255.00000000000006,0.054,0.169,1.0000000000000002,-0.054,0.169
3.8,0.09999999999999964,0.0,0.138,0.15592401526724448,0.0,84.29245407557482,7.095459105782741,-7.095459105782741,0.0,-0.5,255.00000000000006,0.054,0.169,1.0000000000000002,-0.054,0.169
3.9,0.10000000000000009,0.047380359752098165,0.13675823652060332,0.160289393668747,0.0,85.83617313536661,7.152091952092195,-7.3031391140086575,0.0,-0.5,255.00000000000006,0.054,0.169,11.000000000000002,-0.054,0.169
4.0,0.10000000000000009,0.10701941546335877,0.13503490817255132,0.16353255001769185,0.0,87.11013737514759,7.158288697258078,-7.499463375126224,0.0,-0.5,254.00000000000006,0.054,0.169,1.0000000000000002,-0.054,0.169
4.1,0.09999999999999964,0.16707413491430362,0.13312983856113914,0.16651134909951554,0.0,88.34881775986969,7.159152441034372,-7.691779758355151,0.0,-0.5,254.00000000000006,0.054,0.169,1.0000000000000002,-0.054,0.169
4.2,0.10000000000000053,0.2271432256637955,0.13105345670300275,0.16934709605808362,0.0,89.58220675602342,7.159281268429569,-7.883407040470527,0.0,-0.5,254.00000000000006,0.054,0.169,255.00000000000006,-0.054,0.169
4.3,0.09999999999999964,0.2872127896369017,0.12881145461305943,0.17204957545230437,0.0,90.81479002323431,7.159300806347522,-8.074926541731315,0.0,-0.5,254.00000000000006,0.054,0.169,255.00000000000006,-0.054,0.169
4.4,0.10000000000000053,0.3472823655427298,0.12641142357380328,0.1746120612063199,0.0,92.0472504513823,7.159303781043864,-8.266429517811645,0.0,-0.5,254.00000000000006,0.054,0.169,255.00000000000006,-0.054,0.169
4.5,0.09999999999999964,0.4073519411572421,0.12386191661166819,0.1770257647907994,0.0,93.27969215316625,7.159304234356806,-8.457929971579869,0.0,-0.5,255.00000000000006,0.054,0.169,254.00000000000006,-0.054,0.169
4.6,0.09999999999999964,0.46742151665337967,0.1211721103677092,0.17928204759544947,0.0,94.51213100038194,7.1593043034513295,-8.649430040752314,0.0,-0.5,254.00000000000006,0.054,0.169,254.00000000000006,-0.054,0.169
4.7,0.10000000000000053,0.5274910921288808,0.11835170400946517,0.18137278080392205,0.0,95.74456941247036,7.159304313983306,-8.84093005129642,0.0,-0.5,254.00000000000006,0.054,0.169,255.00000000000006,-0.054,0.169
4.8,0.09999999999999964,0.5875606676011452,0.11541087084694344,0.18329042409774032,0.0,96.97700775823205,7.159304315588699,-9.03243005290361,0.0,-0.5,254.00000000000006,0.054,0.169,254.00000000000006,-0.054,0.169
4.9,0.10000000000000053,0.6476302430729134,0.1123602191429976,0.1850280602467575,0.0,98.20944609388334,7.15930431583341,-9.223930053148539,0.0,-0.5,254.00000000000006,0.054,0.169,254.00000000000006,-0.054,0.169
5.0,0.09999999999999964,0.7076998185446047,0.10921075339965287,0.18657942116315196,0.0,99.44188442799305,7.159304315870709,-9.415430053185823,0.0,-0.5,254.00000000000006,0.054,0.169,254.00000000000006,-0.054,0.169
5.1,0.09999999999999964,0.7677693940162842,0.10597383458383791,0.18793891067564322,0.0,100.6743227618681,7.159304315876394,-9.606930053191448,0.0,-0.5,254.00000000000006,0.054,0.169,254.00000000000006,-0.054,0.169
5.2,0.10000000000000053,0.8278389694879642,0.10266113913194555,0.1891016247405562,0.0,101.90676109570722,7.15930431587726,-9.798430053192257,0.0,-0.5,21.000000000000004,0.054,0.169,254.00000000000006,-0.054,0.169
5.3,0.09999999999999964,0.8879085449596437,0.09928461682752951,0.19006336913558075,0.0,103.1391994295409,7.1593043158773995,-9.98993005319231,0.5,0.0,1.0000000000000002,0.054,0.169,254.00000000000006,-0.054,0.169
5.4,0.10000000000000053,0.8532143016989536,0.09737951185867227,0.1927422066135377,0.0,104.33877214503036,7.310352533456246,-10.030374066691975,0.5,0.0,1.0000000000000002,0.054,0.169,254.00000000000006,-0.054,0.169
5.5,0.09999999999999964,0.7940082016719231,0.09603543375219079,0.19597553853565725,0.0,105.56953077044864,7.500479265916418,-10.031753532900561,0.5,0.0,1.0000000000000002,0.054,0.169,254.00000000000006,-0.054,0.169
5.6,0.09999999999999964,0.7339688933223751,0.0949020125660432,0.19929804311588806,0.0,106.80191363092308,7.691931679195533,-10.031802436854813,0.5,0.0,255.00000000000006,0.054,0.169,254.00000000000006,-0.054,0.169
5.7,0.10000000000000053,0.6739003787705792,0.09397063134277867,0.20268305797512465,0.0,108.03435064245696,7.88343009509123,-10.03180423493125,0.5,0.0,254.00000000000006,0.054,0.169,254.00000000000006,-0.054,0.169
5.8,0.09999999999999964,0.6138308404825504,0.09324416522988135,0.20611789462082902,0.0,109.26678902490949,8.074930052360127,-10.031804310740565,0.5,0.0,255.00000000000006,0.054,0.169,254.00000000000006,-0.054,0.169
5.9,0.10000000000000053,0.5537612663135546,0.09272521548006168,0.20959014846294732,0.0,110.49922737492261,8.266430052812774,-10.0318043153462,0.5,0.0,255.00000000000006,0.054,0.169,254.00000000000006,-0.054,0.169
6.0,0.09999999999999964,0.4936916908874312,0.09241565318825168,0.2130872939301624,0.0,111.73166571152888,8.457930053125898,-10.031804315804617,0.5,0.0,255.00000000000006,0.054,0.169,255.00000000000006,-0.054,0.169
6.1,0.09999999999999964,0.43362211541733353,0.09231659497021388,0.21659671591038449,0.0,112.96410404579592,8.649430053182122,-10.031804315865962,0.5,0.0,255.00000000000006,0.054,0.169,1.0000000000000002,-0.054,0.169
6.2,0.10000000000000053,0.3735525399457077,0.09242839814986212,0.22010575498176266,0.0,114.19654237969462,8.840930053190945,-10.03180431587501,0.0,-0.5,254.00000000000006,0.054,0.169,1.0000000000000002,-0.054,0.169
6.3,0.09999999999999964,0.4082467832063974,0.09045667114121142,0.22273594276580255,0.0,115.396115095195,8.881374066691944,-10.182852533455211,0.0,-0.5,254.00000000000006,0.054,0.169,254.00000000000006,-0.054,0.169
6.4,0.10000000000000053,0.4674528832334288,0.0877859772479688,0.22500053442956047,0.0,116.62687372061419,8.882753532900743,-10.372979265915587,0.0,-0.5,254.00000000000006,0.054,0.169,255.00000000000006,-0.054,0.169
6.5,0.09999999999999964,0.5274921915829763,0.08496621383651681,0.22709161419233986,0.0,117.85925658108954,8.882802436855014,-10.564431679194735,0.0,-0.5,254.00000000000006,0.054,0.169,254.00000000000006,-0.054,0.169
6.6,0.09999999999999964,0.5875607061347718,0.08202540100834696,0.22900927330959064,0.0,119.09169359262296,8.882804234931461,-10.755930095090429,0.0,-0.5,254.00000000000006,0.054,0.169,220.00000000000006,-0.054,0.169
6.7,0.10000000000000053,0.647630244422801,0.0789747497430821,0.23074691039874412,0.0,120.32413197507458,8.882804310740777,-10.947430052359339,0.0,-0.5,254.00000000000006,0.054,0.169,10.000000000000002,-0.054,0.169
6.8,0.09999999999999964,0.7076998185917964,0.07582528397351984,0.23229827139905956,0.0,121.55657032508861,8.882804315346412,-11.138930052811984,0.0,-0.5,254.00000000000006,0.054,0.169,1.0000000000000002,-0.054,0.169
6.9,0.10000000000000053,0.7677693940179204,0.07258836515012876,0.23365776092169338,0.0,122.78900866169488,8.88280431580483,-11.33043005312511,0.0,-0.5,254.00000000000006,0.054,0.169,1.0000000000000002,-0.054,0.169
7.0,0.09999999999999964,0.8278389694880179,0.06927566969689722,0.23482047498799058,0.0,124.02144699596147,8.882804315866174,-11.521930053181334,0.0,-0.5,254.00000000000006,0.054,0.169,1.0000000000000002,-0.054,0.169
7.1,0.09999999999999964,0.887908544959643,0.06589914739226173,0.23578221938321026,0.0,125.25388532986062,8.882804315875223,-11.713430053190155,0.0,-0.5,255.00000000000006,0.054,0.169,1.0000000000000002,-0.054,0.169
7.2,0.10000000000000053,0.947978120431322,0.06247097825954161,0.2365395248376373,0.0,126.48632366370384,8.882804315876593,-11.904930053191459,0.0,-0.5,255.00000000000006,0.054,0.169,19.000000000000004,-0.054,0.169
7.3,0.09999999999999964,1.008047695903,0.059003528626852375,0.2370896595469213,0.0,127.71876199753797,8.882804315876804,-12.096430053191595,0.0,-0.5,254.00000000000006,0.054,0.169,160.00000000000003,-0.054,0.169
7.4,0.10000000000000053,1.068117271374669,0.05550930651777132,0.23743063902719524,0.0,128.95120033137073,8.882804315876804,-12.287930053191566,0.0,-0.5,254.00000000000006,0.054,0.169,253.00000000000006,-0.054,0.169
7.5,0.09999999999999964,1.1281868468463374,0.052000916531421554,0.23756123327374973,0.0,130.18363866520303,8.882804315876804,-12.479430053191535,0.0,-0.5,255.00000000000006,0.054,0.169,254.00000000000006,-0.054,0.169
7.6,0.09999999999999964,1.1882564223180059,0.04849101437427396,0.23748097119800693,0.0,131.41607699903489,8.882804315876804,-12.670930053191505,0.0,-0.5,254.00000000000006,0.054,0.169,254.00000000000006,-0.054,0.169
7.7,0.10000000000000053,1.2483259977896748,0.04499226120760694,0.23719014232686514,0.0,132.6485153328672,8.882804315876804,-12.862430053191476,0.0,-0.5,254.00000000000006,0.054,0.169,254.00000000000006,-0.054,0.169
7.8,0.09999999999999964,1.3083955732613433,0.04151727797529116,0.23668979575829824,0.0,133.88095366669995,8.882804315876804,-13.053930053191445,0.0,-0.5,254.00000000000006,0.054,0.169,254.00000000000006,-0.054,0.169
7.9,0.10000000000000053,1.3684651487330122,0.03807859987664981,0.23598173637697745,0.0,135.11339200053226,8.882804315876804,-13.245430053191416,0.0,-0.5,255.00000000000006,0.054,0.169,255.00000000000006,-0.054,0.169
8.0,0.09999999999999964,1.4285347242046806,0.034688631148622376,0.2350685183435658,0.0,136.34583033436456,8.882804315876804,-13.436930053191386,0.0,-0.5,255.00000000000006,0.054,0.169,254.00000000000006,-0.054,0.169
8.1,0.09999999999999964,1.4886042996764022,0.03135960032034239,0.23395343588117318,0.0,137.57826866819778,8.882804315876804,-13.628430053191524,0.0,-0.5,254.00000000000006,0.054,0.169,254.00000000000006,-0.054,0.169
8.2,0.09999999999999964,1.5486738751481237,0.028103516101552012,0.23264051139221037,0.0,138.810707002031,8.882804315876804,-13.819930053191662,0.0,-0.5,255.00000000000006,0.054,0.169,254.00000000000006,-0.054,0.169
8.3,0.10000000000000142,1.6087434506198464,0.024932124063946612,0.23113448094849853,0.0,140.0431453358642,8.882804315876804,-14.011430053191804,0.0,-0.5,255.00000000000006,0.054,0.169,255.00000000000006,-0.054,0.169
8.4,0.09999999999999964,1.668813026091568,0.021856864271741175,0.2294407772069847,0.0,141.27558366969743,8.882804315876804,-14.202930053191942,0.0,-0.5,255.00000000000006,0.054,0.169,254.00000000000006,-0.054,0.169
8.5,0.09999999999999964,1.7288826015632894,0.018888830014280808,0.2275655098126873,0.0,142.5080220035311,8.882804315876804,-14.39443005319208,0.0,-0.5,254.00000000000006,0.054,0.169,254.00000000000006,-0.054,0.169
8.6,0.09999999999999964,1.788952177035011,0.01603872778956217,0.2255154433595623,0.0,143.7404603373643,8.882804315876804,-14.585930053192218,0.0,-0.5,255.00000000000006,0.054,0.169,243.00000000000006,-0.054,0.169
8.7,0.09999999999999964,1.8490217525067325,0.013316838683014906,0.2232979729887944,0.0,144.97289867119707,8.882804315876804,-14.777430053192356,0.0,-0.5,255.00000000000006,0.054,0.169,111.00000000000003,-0.054,0.169
8.8,0.10000000000000142,1.9090913279784552,0.010732981280860893,0.22092109771253182,0.0,146.20533700503074,8.882804315876804,-14.968930053192498,0.0,-0.5,254.00000000000006,0.054,0.169,1.0000000000000002,-0.054,0.169
8.9,0.09999999999999964,1.9691609034501767,0.00829647625183244,0.21839339155929866,0.0,147.43777533886396,8.882804315876804,-15.160430053192636,0.0,-0.5,254.00000000000006,0.054,0.169,1.0000000000000002,-0.054,0.169
9.0,0.09999999999999964,2.0292304789218982,0.006016112725012623,0.21572397264516702,0.0,148.67021367269763,8.882804315876804,-15.351930053192774,0.0,-0.5,255.00000000000006,0.054,0.169,1.0000000000000002,-0.054,0.169
9.1,0.09999999999999964,2.0893000543936195,0.0039001165850827135,0.21292247028225952,0.0,149.90265200653084,8.882804315876804,-15.543430053192912,0.0,-0.5,254.00000000000006,0.054,0.169,1.0000000000000002,-0.054,0.169
9.2,0.09999999999999964,2.149369629865341,0.0019561207993428753,0.20999899024323088,0.0,151.13509034036406,8.882804315876804,-15.73493005319305,0.0,-0.5,255.00000000000006,0.054,0.169,0.0,-0.054,0.169
9.3,0.10000000000000142,2.2094392053370635,1.9113788354585548E-4,0.2069640783070258,0.0,152.36752867419818,8.882804315876804,-15.926430053193192,0.0,-0.5,254.00000000000006,0.054,0.169,36.00000000000001,-0.054,0.169
9.4,0.09999999999999964,2.269508780808785,-0.0013884653941333147,0.20382868221741923,0.0,153.59996700803185,8.882804315876804,-16.11793005319333,0.0,-0.5,255.00000000000006,0.054,0.169,247.00000000000006,-0.054,0.169
9.5,0.09999999999999964,2.329578356280506,-0.002776990979743682,0.2006041121915586,0.0,154.83240534186598,8.882804315876804,-16.30943005319347,0.0,-0.5,254.00000000000006,0.054,0.169,255.00000000000006,-0.054,0.169
9.6,0.09999999999999964,2.3896479317522274,-0.003969430087970988,0.19730200012096732,0.0,156.0648436757001,8.882804315876804,-16.50093005319361,0.0,-0.5,254.00000000000006,0.054,0.169,254.00000000000006,-0.054,0.169
9.7,0.09999999999999964,2.4497175072239488,-0.004961481270174234,0.19393425761218452,0.0,157.29728200953377,8.882804315876804,-16.69243005319375,0.0,-0.5,255.00000000000006,0.054,0.169,254.00000000000006,-0.054,0.169
9.8,0.10000000000000142,2.5097870826956714,-0.005749565930867728,0.19051303301839467,0.0,158.5297203433679,8.882804315876804,-16.883930053193893,0.0,-0.5,254.00000000000006,0.054,0.169,254.00000000000006,-0.054,0.169
9.9,0.09999999999999964,2.5698566581673927,-0.006330841236678014,0.18705066761704991,0.0,159.76215867720202,8.882804315876804,-17.075430053194033,0.0,-0.5,254.00000000000006,0.054,0.169,254.00000000000006,-0.054,0.169
10.0,0.09999999999999964,2.629926233639114,-0.006703210371208412,0.1835596510915627,0.0,160.99459701103615,8.882804315876804,-17.266930053194173,0.0,-0.5,254.00000000000006,0.054,0.169,254.00000000000006,-0.054,0.169
10.1,0.09999999999999964,2.6899958091108354,-0.006865330098819511,0.1800525764776582,0.0,162.22703534486982,8.882804315876804,-17.458430053194313,0.0,-0.5,254.00000000000006,0.054,0.169,255.00000000000006,-0.054,0.169
10.2,0.09999999999999964,2.7500653845825567,-0.006816615610042265,0.17654209473690574,0.0,163.45947367870394,8.882804315876804,-17.649930053194453,0.0,-0.5,255.00000000000006,0.054,0.169,254.00000000000006,-0.054,0.169
10.3,0.10000000000000142,2.8101349600542793,-0.006557242631142324,0.17304086912129746,0.0,164.69191201253807,8.882804315876804,-17.841430053194596,0.0,-0.5,255.00000000000006,0.054,0.169,254.00000000000006,-0.054,0.169
10.4,0.09999999999999964,2.8702045355260006,-0.0060881467902283715,0.169561529493493,0.0,165.9243503463722,8.882804315876804,-18.032930053194736,0.0,-0.5,255.00000000000006,0.054,0.169,1.0000000000000002,-0.054,0.169
10.5,0.09999999999999964,2.930274110997722,-0.005411020242190118,0.16611662676750566,0.0,167.15678868020632,8.882804315876804,-18.224430053194876,0.0,-0.5,254.00000000000006,0.054,0.169,1.0000000000000002,-0.054,0.169
10.6,0.09999999999999964,2.9903436864694433,-0.00452830556463954,0.16271858763418023,0.0,168.38922701404,8.882804315876804,-18.415930053195016,0.0,-0.5,254.00000000000006,0.054,0.169,1.0000000000000002,-0.054,0.169
10.7,0.09999999999999964,3.0504132619411646,-0.0034431869468775356,0.15937966973477607,0.0,169.6216653478741,8.882804315876804,-18.607430053195156,0.0,-0.5,254.00000000000006,0.054,0.169,108.00000000000003,-0.054,0.169
10.8,0.10000000000000142,3.1104828374128872,-0.002159578703665954,0.15611191744435782,0.0,170.85410368170824,8.882804315876804,-18.7989300531953,0.0,-0.5,254.00000000000006,0.054,0.169,254.00000000000006,-0.054,0.169
10.9,0.09999999999999964,3.1705524128846085,-6.821111552408332E-4,0.15292711842449402,0.0,172.0865420155419,8.882804315876804,-18.99043005319544,0.0,-0.5,254.00000000000006,0.054,0.169,255.00000000000006,-0.054,0.169
11.0,0.09999999999999964,3.23062198835633,9.83886075497209E-4,0.14983676110199118,0.0,173.3189803493765,8.882804315876804,-19.18193005319558,0.0,-0.5,254.00000000000006,0.054,0.169,254.00000000000006,-0.054,0.169
11.1,0.09999999999999964,3.290691563828051,0.0028324032883674244,0.14685199322704745,0.0,174.55141868321016,8.882804315876804,-19.37343005319572,0.0,-0.5,1.0000000000000002,0.054,0.169,254.00000000000006,-0.054,0.169
11.2,0.09999999999999964,3.3507611392997725,0.004856772384514457,0.14398358166031938,0.0,175.78385701704383,8.882804315876804,-19.56493005319586,0.5,0.0,12.000000000000004,0.054,0.169,254.00000000000006,-0.054,0.169
11.3,0.10000000000000142,3.3160668960390343,0.004657829625381665,0.1407024207446867,0.0,176.98342973253557,9.033852533455804,-19.6053740666955,0.5,0.0,255.00000000000006,0.054,0.169,254.00000000000006,-0.054,0.169
11.4,0.09999999999999964,3.256860796011947,0.0036740848349259836,0.1373418809871187,0.0,178.2141883579552,9.223979265916144,-19.60675353290409,0.5,0.0,254.00000000000006,0.054,0.169,254.00000000000006,-0.054,0.169
11.5,0.09999999999999964,3.196821487662345,0.00247038847019479,0.13404418552931546,0.0,179.44657121843102,9.415431679195436,-19.606802436858324,0.5,0.0,254.00000000000006,0.054,0.169,254.00000000000006,-0.054,0.169
11.6,0.09999999999999964,3.1367529731104957,0.0010701866472859756,0.13082467758004002,0.0,180.67900822996717,9.606930095091295,-19.60680423493477,0.5,0.0,0.0,0.054,0.169,254.00000000000006,-0.054,0.169
11.7,0.09999999999999964,3.0766834348224177,-5.207925476796993E-4,0.12769503846393204,0.0,181.9114466124206,9.798430052360368,-19.60680431074408,0.5,0.0,1.0000000000000002,0.054,0.169,1.0000000000000002,-0.054,0.169
11.8,0.10000000000000142,3.0166138606533655,-0.002296786076277396,0.12466655657140825,0.0,183.143884962436,9.989930052813186,-19.60680431534971,0.5,-0.5,254.00000000000006,0.054,0.169,42.00000000000001,-0.054,0.169
11.9,0.09999999999999964,3.003926618425862,-0.003307420665775662,0.11959850630816925,0.0,184.93776628754858,10.165244955597815,-19.741672671484274,0.0,-0.5,254.00000000000006,0.054,0.169,254.00000000000006,-0.054,0.169
12.0,0.09999999999999964,3.05087507592792,-0.0026657870516428317,0.11528689510821628,0.0,186.4222564871502,10.217057227706762,-19.94315521412608,0.0,-0.5,255.00000000000006,0.054,0.169,254.00000000000006,-0.054,0.169
12.1,0.09999999999999964,3.1104987901962198,-0.0014037815738230097,0.1118652439860671,0.0,187.6895437737885,10.222438746903723,-20.138615341215974,0.0,-0.5,8.000000000000002,0.054,0.169,254.00000000000006,-0.054,0.169
12.2,0.09999999999999964,3.170552936047226,7.3070081959975E-5,0.1086567852548103,0.0,188.92726308730107,10.22317541523663,-20.33080282038218,0.5,0.0,45.00000000000001,0.054,0.169,255.00000000000006,-0.054,0.169
12.3,0.10000000000000142,3.1358581917764945,-7.10677269258525E-4,0.10546080760355782,0.0,190.12764271138576,10.374332976883085,-20.37135458074451,0.5,0.0,254.00000000000006,0.054,0.169,163.00000000000003,-0.054,0.169
12.4,0.09999999999999964,3.0766520712018437,-0.002280832496955487,0.1023304589429488,0.0,191.35852425114535,10.564476287722249,-20.372750559826898,0.5,0.0,254.00000000000006,0.054,0.169,254.00000000000006,-0.054,0.169
12.5,0.09999999999999964,3.016612761430992,-0.004056105975356689,0.09930182625386248,0.0,192.59092584185328,10.755931225324991,-20.372801983573694,0.5,0.0,228.00000000000006,0.054,0.169,254.00000000000006,-0.054,0.169
12.6,0.09999999999999964,2.9565442467211986,-0.006010683476561279,0.09638540646223841,0.0,193.82336570827238,10.947430025911526,-20.37280416583728,0.5,0.0,1.0000000000000002,0.054,0.169,254.00000000000006,-0.054,0.169
12.7,0.09999999999999964,2.896474708411093,-0.00813683986366906,0.09359160490082767,0.0,195.05580452589265,11.13893004181599,-20.37280430021177,0.5,0.0,157.00000000000003,0.054,0.169,254.00000000000006,-0.054,0.169
12.8,0.10000000000000142,2.8364051342387575,-0.010426883290497097,0.09093048510403388,0.0,196.28824294224023,11.330430051206534,-20.37280431374464,0.5,0.0,254.00000000000006,0.054,0.169,254.00000000000006,-0.054,0.169
12.9,0.09999999999999964,2.776335558812084,-0.012872552461303921,0.08841164453239402,0.0,197.52068128895917,11.521930052882214,-20.372804315563847,0.5,0.0,255.00000000000006,0.054,0.169,254.00000000000006,-0.054,0.169
13.0,0.09999999999999964,2.7162659833418585,-0.015465025227408474,0.08604416904855076,0.0,198.75311962476917,11.713430053146283,-20.372804315832617,0.5,0.0,254.00000000000006,0.054,0.169,254.00000000000006,-0.054,0.169
13.1,0.09999999999999964,2.6561964078701688,-0.018194949853701986,0.08383659873327572,0.0,199.98555795890434,11.904930053186918,-20.37280431587328,0.5,0.0,254.00000000000006,0.054,0.169,255.00000000000006,-0.054,0.169
13.2,0.09999999999999964,2.5961268323984474,-0.021052478769920502,0.08179689688058907,0.0,201.21799629278485,12.096430053193217,-20.372804315879467,0.5,0.0,255.00000000000006,0.054,0.169,254.00000000000006,-0.054,0.169
13.3,0.10000000000000142,2.536057256926725,-0.024027304100959546,0.07993242124288773,0.0,202.4504346266267,12.28793005319427,-20.37280431588041,0.5,0.0,254.00000000000006,0.054,0.169,254.00000000000006,-0.054,0.169
13.4,0.09999999999999964,2.4759876814550035,-0.02710869485166187,0.07824989748522783,0.0,203.68287296046265,12.479430053194504,-20.37280431588052,0.5,0.0,254.00000000000006,0.054,0.169,254.00000000000006,-0.054,0.169
13.5,0.09999999999999964,2.415918105983282,-0.03028553561667771,0.07675539492339943,0.0,204.91531129429677,12.670930053194642,-20.37280431588052,0.5,0.0,254.00000000000006,0.054,0.169,254.00000000000006,-0.054,0.169
13.6,0.09999999999999964,2.355848530511561,-0.03354636667676855,0.07545430463017581,0.0,206.1477496281309,12.86243005319478,-20.37280431588052,0.5,0.0,255.00000000000006,0.054,0.169,1.0000000000000002,-0.054,0.169
13.7,0.09999999999999964,2.2957789550398395,-0.03687942533710578,0.07435131998824974,0.0,207.38018796196457,13.053930053194918,-20.37280431588052,0.0,-0.5,254.00000000000006,0.054,0.169,41.00000000000001,-0.054,0.169
13.8,0.10000000000000142,2.3304731983005778,-0.038670110702708316,0.07159468415863714,0.0,208.57976067745585,13.094374066694563,-20.52385253345951,0.0,-0.5,254.00000000000006,0.054,0.169,254.00000000000006,-0.054,0.169
13.9,0.09999999999999964,2.389679298327665,-0.03987693172995033,0.06830765445339419,0.0,209.81051930287595,13.095753532903144,-20.713979265919864,0.0,-0.5,254.00000000000006,0.054,0.169,254.00000000000006,-0.054,0.169
14.0,0.09999999999999964,2.449718606677267,-0.04086952984794842,0.0649403960363684,0.0,211.0429021633522,13.095802436857396,-20.905431679199154,0.0,-0.5,254.00000000000006,0.054,0.169,1.0000000000000002,-0.054,0.169
14.1,0.09999999999999964,2.5097871212291163,-0.04165763639807926,0.06151918504521854,0.0,212.27533917488745,13.095804234933833,-21.096930095095022,0.0,-0.5,254.00000000000006,0.054,0.169,254.00000000000006,-0.054,0.169
14.2,0.09999999999999964,2.5698566595171943,-0.042238912742246504,0.05805681972544112,0.0,213.50777755734134,13.095804310743148,-21.2884300523641,0.0,-0.5,254.00000000000006,0.054,0.169,254.00000000000006,-0.054,0.169
14.3,0.10000000000000142,2.6299262336862466,-0.0426112819471926,0.05456580314539257,0.0,214.74021590735674,13.095804315348783,-21.479930052816925,0.0,-0.5,254.00000000000006,0.054,0.169,254.00000000000006,-0.054,0.169
14.4,0.09999999999999964,2.6899958091124234,-0.042773401681807516,0.051058728520716815,0.0,215.97265424396528,13.0958043158072,-21.67143005313023,0.0,-0.5,254.00000000000006,0.054,0.169,254.00000000000006,-0.054,0.169
14.5,0.09999999999999964,2.7500653845825744,-0.04272468719388123,0.047548246778204226,0.0,217.20509257823278,13.095804315868545,-21.862930053186638,0.0,-0.5,254.00000000000006,0.054,0.169,255.00000000000006,-0.054,0.169
14.6,0.09999999999999964,2.8101349600542536,-0.04246531421509056,0.04404702116231872,0.0,218.43753091213375,13.095804315877594,-22.05443005319563,0.0,-0.5,254.00000000000006,0.054,0.169,254.00000000000006,-0.054,0.169
14.7,0.09999999999999964,2.870204535525975,-0.04199621837419057,0.04056768153447088,0.0,219.6699692459788,13.095804315878963,-22.245930053197096,0.0,-0.5,254.00000000000006,0.054,0.169,254.00000000000006,-0.054,0.169
14.8,0.10000000000000142,2.9302741109976975,-0.04131909182615395,0.03712277880847664,0.0,220.90240757981474,13.095804315879175,-22.43743005319739,0.0,-0.5,254.00000000000006,0.054,0.169,255.00000000000006,-0.054,0.169
14.9,0.09999999999999964,2.990343686469419,-0.04043637714860365,0.033724739675150286,0.0,222.13484591364931,13.095804315879175,-22.62893005319753,0.0,-0.5,0.0,0.054,0.169,255.00000000000006,-0.054,0.169
15.0,0.09999999999999964,3.05041326194114,-0.03935125853084179,0.030385821775746072,0.0,223.36728424748344,13.095804315879175,-22.82043005319767,0.5,0.0,254.00000000000006,0.054,0.169,255.00000000000006,-0.054,0.169
15.1,0.09999999999999964,3.015719018680403,-0.040512035098106275,0.02731040425342869,0.0,224.56685696297427,13.24685253345817,-22.86087406669731,0.5,0.0,254.00000000000006,0.054,0.169,254.00000000000006,-0.054,0.169
15.2,0.09999999999999964,2.9565129186533157,-0.04244596538697315,0.02439134705756109,0.0,225.7976155883939,13.436979265918511,-22.8622535329059,0.5,0.0,254.00000000000006,0.054,0.169,254.00000000000006,-0.054,0.169
15.3,0.10000000000000142,2.8964736103037123,-0.04457140817079666,0.021597394079507046,0.0,227.02999844887063,13.628431679197806,-22.862302436860134,0.5,0.0,254.00000000000006,0.054,0.169,255.00000000000006,-0.054,0.169
15.4,0.09999999999999964,2.836405095751863,-0.04686142760395695,0.018936265075480352,0.0,228.26243546040632,13.819930095093666,-22.86230423493658,0.5,0.0,1.0000000000000002,0.054,0.169,254.00000000000006,-0.054,0.169
15.5,0.09999999999999964,2.776335557463785,-0.04930709607654296,0.016417423770815717,0.0,229.49487384286022,14.011430052362739,-22.86230431074589,0.5,0.0,254.00000000000006,0.054,0.169,255.00000000000006,-0.054,0.169
15.6,0.09999999999999964,2.716265983294734,-0.051899568841610316,0.014049948206137378,0.0,230.72731219287516,14.202930052815553,-22.86230431535152,0.5,0.0,254.00000000000006,0.054,0.169,254.00000000000006,-0.054,0.169
15.7,0.09999999999999964,2.656196407868557,-0.054629493471853835,0.011842377880058194,0.0,231.95975052948324,14.394430053128845,-22.862304315809943,0.5,0.0,254.00000000000006,0.054,0.169,254.00000000000006,-0.054,0.169
15.8,0.10000000000000142,2.596126832398405,-0.057487022388886894,0.00980267602582345,0.0,233.1921888637512,14.585930053185242,-22.862304315871274,0.5,0.0,255.00000000000006,0.054,0.169,255.00000000000006,-0.054,0.169
15.9,0.09999999999999964,2.5360572569267257,-0.060461847720067796,0.007938200387896402,0.0,234.42462719765263,14.77743005319423,-22.862304315880312,0.5,0.0,254.00000000000006,0.054,0.169,254.00000000000006,-0.054,0.169
16.0,0.09999999999999964,2.4759876814550044,-0.06354323847079399,0.006255676630203627,0.0,235.6570655314972,14.9689300531957,-22.862304315881673,0.5,0.0,254.00000000000006,0.054,0.169,254.00000000000006,-0.054,0.169
16.1,0.10000000000000142,2.415918105983388,-0.06672007923580808,0.0047611740683727866,0.0,236.88950386533133,15.160430053195672,-22.862304315881854,0.5,0.0,254.00000000000006,0.054,0.169,254.00000000000006,-0.054,0.169
16.2,0.09999999999999787,2.355848530511773,-0.0699809102958936,0.0034600837751500996,0.0,238.12194219916364,15.351930053195469,-22.862304315881854,0.5,0.0,254.00000000000006,0.054,0.169,255.00000000000006,-0.054,0.169
16.3,0.10000000000000142,2.2957789550401566,-0.07331396895622486,0.002357099133224974,0.0,239.3543805329964,15.543430053195273,-22.862304315881854,0.5,0.0,255.00000000000006,0.054,0.169,1.0000000000000002,-0.054,0.169
16.4,0.09999999999999787,2.235709379568542,-0.0767072319775893,0.0014561989049141771,0.0,240.58681886682825,15.73493005319507,-22.862304315881854,0.0,-0.5,254.00000000000006,0.054,0.169,255.00000000000006,-0.054,0.169
16.5,0.10000000000000142,2.2704036228291793,-0.0786601779787354,-0.0011879639290002103,0.0,241.7863915823168,15.775374066694706,-23.013352533460516,0.0,-0.5,254.00000000000006,0.054,0.169,255.00000000000006,-0.054,0.169
16.6,0.10000000000000142,2.3296097228561554,-0.08006215409710632,-0.004396615396270856,0.0,243.01715020773509,15.776753532903298,-23.20347926592053,0.0,-0.5,254.00000000000006,0.054,0.169,255.00000000000006,-0.054,0.169
16.7,0.09999999999999787,2.38964903120565,-0.08125511009295186,-0.007698211413777495,0.0,244.24953306820953,15.77680243685755,-23.394931679199477,0.0,-0.5,254.00000000000006,0.054,0.169,255.00000000000006,-0.054,0.169
16.8,0.10000000000000142,2.4497175457573945,-0.08224718230849645,-0.011065939030350053,0.0,245.48197007974295,15.776804234933987,-23.586430095095007,0.0,-0.5,254.00000000000006,0.054,0.169,1.0000000000000002,-0.054,0.169
16.9,0.09999999999999787,2.509787084045366,-0.08303526800077599,-0.014487163480377485,0.0,246.71440846219457,15.776804310743302,-23.777930052363743,0.0,-0.5,254.00000000000006,0.054,0.169,1.0000000000000002,-0.054,0.169
17.0,0.10000000000000142,2.569856658214312,-0.08361654338015032,-0.017949528931951918,0.0,247.94684681220724,15.776804315348937,-23.96943005281623,0.0,-0.5,254.00000000000006,0.054,0.169,254.00000000000006,-0.054,0.169
17.1,0.10000000000000142,2.629926233640384,-0.0839889125223186,-0.021440545467764,0.0,249.17928514881396,15.776804315807354,-24.160930053129196,0.0,-0.5,254.00000000000006,0.054,0.169,255.00000000000006,-0.054,0.169
17.2,0.09999999999999787,2.689995809110428,-0.0841510322508858,-0.024947620083367948,0.0,250.4117234830801,15.776804315868699,-24.35243005318526,0.0,-0.5,254.00000000000006,0.054,0.169,254.00000000000006,-0.054,0.169
17.3,0.10000000000000142,2.7500653845820024,-0.08410231776223606,-0.028458101824384643,0.0,251.64416181697925,15.776804315877747,-24.543930053193918,0.0,-0.5,254.00000000000006,0.054,0.169,254.00000000000006,-0.054,0.169
17.4,0.09999999999999787,2.810134960053617,-0.08384294478335513,-0.03195932744002903,0.0,252.87660015082201,15.776804315879117,-24.735430053195042,0.0,-0.5,255.00000000000006,0.054,0.169,255.00000000000006,-0.054,0.169
17.5,0.10000000000000142,2.8702045355252337,-0.08337384894244662,-0.03543866706783446,0.0,254.10903848465614,15.776804315879328,-24.926930053194997,0.0,-0.5,255.00000000000006,0.054,0.169,254.00000000000006,-0.054,0.169
17.6,0.10000000000000142,2.93027411099685,-0.0826967223944125,-0.03888356979381741,0.0,255.341476818488,15.776804315879328,-25.1184300531948,0.0,-0.5,254.00000000000006,0.054,0.169,254.00000000000006,-0.054,0.169
17.7,0.09999999999999787,2.990343686468465,-0.08181400771686664,-0.04228160892713768,0.0,256.57391515231984,15.776804315879328,-25.3099300531946,0.0,-0.5,254.00000000000006,0.054,0.169,254.00000000000006,-0.054,0.169
17.8,0.10000000000000142,3.0504132619400814,-0.08072888909911002,-0.04562052682653698,0.0,257.80635348615215,15.776804315879328,-25.5014300531944,0.0,-0.5,1.0000000000000002,0.054,0.169,255.00000000000006,-0.054,0.169
17.9,0.09999999999999787,3.110482837411696,-0.07944528085590444,-0.04888827911695076,0.0,259.038791819984,15.776804315879328,-25.6929300531942,0.5,0.0,1.0000000000000002,0.054,0.169,254.00000000000006,-0.054,0.169
18.0,0.10000000000000142,3.0757885941510588,-0.08041933586212396,-0.05202783513978361,0.0,260.23836453547347,15.927852533457997,-25.73337406669383,0.5,0.0,255.00000000000006,0.054,0.169,254.00000000000006,-0.054,0.169
18.1,0.10000000000000142,3.0165824941240826,-0.08217453695408805,-0.05505772794344306,0.0,261.46912316089083,16.117979265917995,-25.734753532902424,0.5,0.0,146.00000000000003,0.054,0.169,254.00000000000006,-0.054,0.169
18.2,0.09999999999999787,2.956543185774588,-0.08412841556109577,-0.057974239328628746,0.0,262.7015060213653,16.30943167919694,-25.734802436856658,0.5,0.0,0.0,0.054,0.169,255.00000000000006,-0.054,0.169
18.3,0.10000000000000142,2.8964746712228435,-0.08625454786359757,-0.06076804641082678,0.0,263.9339430328996,16.50093009509247,-25.734804234933105,0.5,0.0,254.00000000000006,0.054,0.169,254.00000000000006,-0.054,0.169
18.4,0.09999999999999787,2.836405132934872,-0.08854459049397131,-0.0634291665785216,0.0,265.1663814153512,16.692430052361207,-25.734804310742415,0.5,0.0,255.00000000000006,0.054,0.169,254.00000000000006,-0.054,0.169
18.5,0.10000000000000142,2.776335558765926,-0.09099025964412205,-0.06594800718382465,0.0,266.3988197653639,16.883930052813692,-25.734804315348043,0.5,0.0,255.00000000000006,0.054,0.169,255.00000000000006,-0.054,0.169
18.6,0.10000000000000142,2.716265983339854,-0.09358273241072429,-0.06831548267171848,0.0,267.6312581019706,17.07543005312666,-25.734804315806468,0.5,0.0,254.00000000000006,0.054,0.169,254.00000000000006,-0.054,0.169
18.7,0.09999999999999787,2.65619640786981,-0.0963126570372411,-0.07052305298755024,0.0,268.8636964362363,17.266930053182723,-25.734804315867798,0.5,0.0,254.00000000000006,0.054,0.169,254.00000000000006,-0.054,0.169
18.8,0.10000000000000142,2.5961268323982356,-0.09917018595349883,-0.0725627548403139,0.0,270.09613477013545,17.458430053191382,-25.734804315876836,0.5,0.0,254.00000000000006,0.054,0.169,254.00000000000006,-0.054,0.169
18.9,0.09999999999999787,2.536057256926621,-0.10214501128454032,-0.07442723047802331,0.0,271.32857310397776,17.649930053192506,-25.734804315878197,0.5,0.0,254.00000000000006,0.054,0.169,3.000000000000001,-0.054,0.169
19.0,0.10000000000000142,2.4759876814550044,-0.10522640203523881,-0.07610975423568174,0.0,272.56101143781234,17.84143005319246,-25.734804315878378,0.0,-0.5,255.00000000000006,0.054,0.169,44.00000000000001,-0.054,0.169
19.1,0.10000000000000142,2.5106819247156418,-0.106494004172321,-0.07914270329521421,0.0,273.7605841533018,17.88187406669213,-25.88585253345709,0.0,-0.5,255.00000000000006,0.054,0.169,254.00000000000006,-0.054,0.169
19.2,0.09999999999999787,2.5698880247426157,-0.1070921317873113,-0.0825928083126138,0.0,274.9913427787192,17.883253532900724,-26.0759792659171,0.0,-0.5,255.00000000000006,0.054,0.169,254.00000000000006,-0.054,0.169
19.3,0.10000000000000142,2.6299273330921125,-0.10746512576687348,-0.08608344661556812,0.0,276.2237256391941,17.883302436854958,-26.267431679196054,0.0,-0.5,254.00000000000006,0.054,0.169,255.00000000000006,-0.054,0.169
19.4,0.09999999999999787,2.689995847643855,-0.10762726946752055,-0.08959051177045489,0.0,277.45616265072704,17.883304234931405,-26.45893009509158,0.0,-0.5,254.00000000000006,0.054,0.169,0.0,-0.054,0.169
19.5,0.10000000000000142,2.750065385931828,-0.10757855601490687,-0.09310099361706468,0.0,278.68860103317866,17.883304310740716,-26.650430052360324,0.0,-0.5,254.00000000000006,0.054,0.169,1.0000000000000002,-0.054,0.169
19.6,0.10000000000000142,2.810134960100774,-0.10731918309550575,-0.09660221929896577,0.0,279.92103938319224,17.883304315346344,-26.84193005281281,0.0,-0.5,254.00000000000006,0.054,0.169,254.00000000000006,-0.054,0.169
19.7,0.09999999999999787,2.870204535526844,-0.10685008725955478,-0.10008155893861655,0.0,281.15347771979805,17.883304315804768,-27.03343005312577,0.0,-0.5,255.00000000000006,0.054,0.169,254.00000000000006,-0.054,0.169
19.8,0.10000000000000142,2.93027411099689,-0.10617296071204202,-0.10352646166648258,0.0,282.38591605406464,17.8833043158661,-27.22493005318184,0.0,-0.5,254.00000000000006,0.054,0.169,254.00000000000006,-0.054,0.169
19.9,0.09999999999999787,2.9903436864684627,-0.10529024603455406,-0.10692450080009513,0.0,283.6183543879638,17.883304315875137,-27.416430053190492,0.0,-0.5,254.00000000000006,0.054,0.169,255.00000000000006,-0.054,0.169
20.0,0.10000000000000142,3.0504132619400792,-0.10420512741680346,-0.11026341869953946,0.0,284.8507927218061,17.883304315876497,-27.607930053191623,0.0,-0.5,255.00000000000006,0.054,0.169,254.00000000000006,-0.054,0.169
20.1,0.10000000000000142,3.1104828374116957,-0.1029215191735984,-0.11353117098996025,0.0,286.0832310556402,17.88330431587668,-27.79943005319158,0.0,-0.5,255.00000000000006,0.054,0.169,254.00000000000006,-0.054,0.169
20.2,0.09999999999999787,3.1705524128833105,-0.10144405162518008,-0.11671597000982122,0.0,287.31566938947253,17.88330431587668,-27.990930053191377,0.0,-0.5,254.00000000000006,0.054,0.169,254.00000000000006,-0.054,0.169
20.3,0.10000000000000142,3.230621988354927,-0.09977805439444926,-0.1198063273323211,0.0,288.5481077233044,17.88330431587668,-28.18243005319118,0.0,-0.5,254.00000000000006,0.054,0.169,255.00000000000006,-0.054,0.169
20.4,0.09999999999999787,3.2906915638265417,-0.09792953718158642,-0.1227910952072621,0.0,289.7805460571367,17.88330431587668,-28.37393005319098,0.0,-0.5,254.00000000000006,0.054,0.169,254.00000000000006,-0.054,0.169
20.5,0.10000000000000142,3.350761139298158,-0.09590516808544766,-0.1256595067739883,0.0,291.0129843909681,17.88330431587668,-28.56543005319078,0.0,-0.5,206.00000000000006,0.054,0.169,254.00000000000006,-0.054,0.169
20.6,0.10000000000000142,3.4108307147697747,-0.09371224954993729,-0.12840121490034784,0.0,292.2454227248004,17.88330431587668,-28.756930053190583,0.0,-0.5,1.0000000000000002,0.054,0.169,254.00000000000006,-0.054,0.169
20.7,0.09999999999999787,3.4709002902413895,-0.09135869202212951,-0.1310063295075829,0.0,293.47786105863224,17.88330431587668,-28.948430053190382,0.5,0.0,0.0,0.054,0.169,254.00000000000006,-0.054,0.169
20.8,0.10000000000000142,3.436206046980752,-0.09116295249042414,-0.13428768307149141,0.0,294.6774337741217,18.03435253345534,-28.988874066690013,0.5,0.0,254.00000000000006,0.054,0.169,254.00000000000006,-0.054,0.169
20.9,0.09999999999999787,3.376999946953778,-0.09173684452952746,-0.13774190211526277,0.0,295.90819239953953,18.22447926591535,-28.990253532898606,0.5,0.0,0.0,0.054,0.169,255.00000000000006,-0.054,0.169
21.0,0.10000000000000142,3.3169606386042814,-0.09253663463668246,-0.14116009111754724,0.0,297.140575260014,18.4159316791943,-28.99030243685284,0.5,0.0,0.0,0.054,0.169,254.00000000000006,-0.054,0.169
21.1,0.10000000000000142,3.256892124052537,-0.09354088458517995,-0.1445242074385481,0.0,298.37301227154694,18.607430095089832,-28.990304234929287,0.5,0.0,254.00000000000006,0.054,0.169,254.00000000000006,-0.054,0.169
21.2,0.09999999999999787,3.1968225857645653,-0.09474530758804764,-0.14782196743982245,0.0,299.605450653999,18.798930052358568,-28.990304310738598,0.5,0.0,254.00000000000006,0.054,0.169,254.00000000000006,-0.054,0.169
21.3,0.10000000000000142,3.1367530115956193,-0.09614553506463969,-0.1510414733958224,0.0,300.83788900401214,18.990430052811053,-28.990304315344225,0.5,0.0,254.00000000000006,0.054,0.169,254.00000000000006,-0.054,0.169
21.4,0.09999999999999787,3.0766834361695494,-0.09773651514226431,-0.15417111197303113,0.0,302.0703273406184,19.181930053124013,-28.99030431580265,0.5,0.0,254.00000000000006,0.054,0.169,254.00000000000006,-0.054,0.169
21.5,0.10000000000000142,3.016613860699503,-0.09951250869517564,-0.15719959378176354,0.0,303.302765674885,19.373430053180083,-28.99030431586398,0.5,0.0,254.00000000000006,0.054,0.169,254.00000000000006,-0.054,0.169
21.6,0.10000000000000142,2.956544285227929,-0.10146710923588179,-0.1601159942826701,0.0,304.53520400878324,19.564930053188743,-28.99030431587302,0.5,0.0,254.00000000000006,0.054,0.169,0.0,-0.054,0.169
21.7,0.09999999999999787,2.896474709756314,-0.10359326599448049,-0.16290979323600985,0.0,305.767642342626,19.756430053189867,-28.99030431587438,0.0,-0.5,254.00000000000006,0.054,0.169,142.00000000000003,-0.054,0.169
21.8,0.10000000000000142,2.9311689530169516,-0.10351238232626883,-0.16619598449762377,0.0,306.9672150581173,19.796874066689718,-29.141352533453244,0.0,-0.5,254.00000000000006,0.054,0.169,254.00000000000006,-0.054,0.169
21.9,0.09999999999999787,2.9903750530439255,-0.10265005670862615,-0.16958971044473004,0.0,308.1979736835351,19.798253532898336,-29.331479265913266,0.0,-0.5,254.00000000000006,0.054,0.169,254.00000000000006,-0.054,0.169
22.0,0.10000000000000142,3.0504143613934223,-0.10156566289816707,-0.17292853813340764,0.0,309.43035654400956,19.798302436852577,-29.522931679192222,0.0,-0.5,254.00000000000006,0.054,0.169,254.00000000000006,-0.054,0.169
22.1,0.10000000000000142,3.110482875945167,-0.10028208040092756,-0.17619629157469757,0.0,310.662793555543,19.798304234929024,-29.714430095087753,0.0,-0.5,254.00000000000006,0.054,0.169,254.00000000000006,-0.054,0.169
22.2,0.09999999999999787,3.1705524142331383,-0.09880461375519728,-0.17938109111416564,0.0,311.8952319379946,19.798304310738335,-29.90593005235649,0.0,-0.5,254.00000000000006,0.054,0.169,22.000000000000004,-0.054,0.169
22.3,0.10000000000000142,3.2306219884020844,-0.09713861655171621,-0.1824714485214758,0.0,313.1276702880082,19.798304315343962,-30.097430052808974,0.0,-0.5,254.00000000000006,0.054,0.169,1.0000000000000002,-0.054,0.169
22.4,0.09999999999999787,3.290691563828154,-0.09529009933854304,-0.18545621640926102,0.0,314.36010862461444,19.798304315802387,-30.288930053121934,0.0,-0.5,254.00000000000006,0.054,0.169,1.0000000000000002,-0.054,0.169
22.5,0.10000000000000142,3.3507611392982004,-0.0932657302421113,-0.18832462797792013,0.0,315.5925469588801,19.798304315863717,-30.480430053178004,0.0,-0.5,254.00000000000006,0.054,0.169,1.0000000000000002,-0.054,0.169
22.6,0.10000000000000142,3.4108307147697747,-0.0910728117065343,-0.1910663361045702,0.0,316.8249852927788,19.798304315872755,-30.671930053186664,0.0,-0.5,254.00000000000006,0.054,0.169,6.000000000000002,-0.054,0.169
22.7,0.09999999999999787,3.4709002902413895,-0.08871925417871351,-0.1936714507118487,0.0,318.05742362662113,19.798304315874116,-30.863430053187788,0.0,-0.5,255.00000000000006,0.054,0.169,245.00000000000006,-0.054,0.169
22.8,0.10000000000000142,3.530969865713006,-0.08621354757373836,-0.19613057445077658,0.0,319.28986196045616,19.798304315874297,-31.054930053187743,0.0,-0.5,254.00000000000006,0.054,0.169,254.00000000000006,-0.054,0.169
22.9,0.09999999999999787,3.5910394411846207,-0.0835647306493836,-0.19843483660053068,0.0,320.522300294288,19.798304315874297,-31.24643005318754,0.0,-0.5,254.00000000000006,0.054,0.169,255.00000000000006,-0.054,0.169
23.0,0.10000000000000142,3.651109016656237,-0.08078235840085138,-0.20057592506767286,0.0,321.7547386281203,19.798304315874297,-31.437930053187344,0.0,-0.5,254.00000000000006,0.054,0.169,255.00000000000006,-0.054,0.169
23.1,0.10000000000000142,3.7111785921278537,-0.07787646759332684,-0.2025461163701292,0.0,322.9871769619522,19.798304315874297,-31.629430053187146,0.0,-0.5,255.00000000000006,0.054,0.169,254.00000000000006,-0.054,0.169
23.2,0.09999999999999787,3.7712481675994685,-0.07485754055666538,-0.20433830349787124,0.0,324.219615295784,19.798304315874297,-31.820930053186945,0.0,-0.5,254.00000000000006,0.054,0.169,255.00000000000006,-0.054,0.169
23.3,0.10000000000000142,3.831317743071085,-0.07173646737280875,-0.20594602154981373,0.0,325.45205362961633,19.798304315874297,-32.012430053186726,0.0,-0.5,254.00000000000006,0.054,0.169,254.00000000000006,-0.054,0.169
23.4,0.09999999999999787,3.8913873185426997,-0.06852450659233028,-0.20736347105445152,0.0,326.6844919634482,19.798304315874297,-32.20393005318617,0.0,-0.5,254.00000000000006,0.054,0.169,254.00000000000006,-0.054,0.169
23.5,0.10000000000000142,3.951456894014316,-0.06523324462181354,-0.20858553889011383,0.0,327.91693029728003,19.798304315874297,-32.39543005318562,0.0,-0.5,254.00000000000006,0.054,0.169,254.00000000000006,-0.054,0.169
23.6,0.10000000000000142,4.011526469485942,-0.06187455392856725,-0.2096078167293693,0.0,329.14936863111234,19.798304315874297,-32.58693005318507,0.0,-0.5,255.00000000000006,0.054,0.169,255.00000000000006,-0.054,0.169
23.7,0.09999999999999787,4.0715960449576,-0.05846055021344293,-0.21042661694104886,0.0,330.38180696494373,19.798304315874297,-32.778430053184515,0.0,-0.5,255.00000000000006,0.054,0.169,254.00000000000006,-0.054,0.169
23.8,0.10000000000000142,4.131665620429261,-0.05500354870624044,-0.21103898589252396,0.0,331.6142452987765,19.798304315874297,-32.969930053183965,0.0,-0.5,255.00000000000006,0.054,0.169,255.00000000000006,-0.054,0.169
23.9,0.09999999999999787,4.191735195900919,-0.05151601974136341,-0.21144271460425318,0.0,332.84668363260835,19.798304315874297,-33.16143005318341,0.0,-0.5,254.00000000000006,0.054,0.169,254.00000000000006,-0.054,0.169
24.0,0.10000000000000142,4.25180477137258,-0.04801054377396713,-0.2116363467181666,0.0,334.0791219664402,19.798304315874297,-33.35293005318286,0.0,-0.5,251.00000000000006,0.054,0.169,255.00000000000006,-0.054,0.169
24.1,0.10000000000000142,4.311874346844241,-0.04449976599887315,-0.21161918375114025,0.0,335.3115603002725,19.798304315874297,-33.54443005318231,0.0,-0.5,209.00000000000006,0.054,0.169,255.00000000000006,-0.054,0.169
24.2,0.09999999999999787,4.371943922315899,-0.04099635073594948,-0.21139128761461345,0.0,336.54399863410436,19.798304315874297,-33.735930053181754,0.0,-0.5,123.00000000000003,0.054,0.169,254.00000000000006,-0.054,0.169
24.3,0.10000000000000142,4.43201349778756,-0.037512935746501996,-0.21095348039125678,0.0,337.77643696793666,19.798304315874297,-33.927430053181205,0.5,0.0,59.000000000000014,0.054,0.169,255.00000000000006,-0.054,0.169
24.4,0.09999999999999787,4.397319254526919,-0.03471070330754453,-0.21267193566670056,0.0,338.9760096834257,19.949352533452956,-33.96787406668084,0.5,0.0,32.00000000000001,0.054,0.169,255.00000000000006,-0.054,0.169
24.5,0.10000000000000142,4.3381131544999425,-0.0322074476115099,-0.21512034171863903,0.0,340.2067683088435,20.13947926591297,-33.96925353288945,0.5,0.0,255.00000000000006,0.054,0.169,190.00000000000003,-0.054,0.169
24.6,0.10000000000000142,4.27807384615045,-0.02986308137996907,-0.2177333145932116,0.0,341.4391511693175,20.330931679191924,-33.96930243684364,0.5,0.0,254.00000000000006,0.054,0.169,1.0000000000000002,-0.054,0.169
24.7,0.09999999999999787,4.218005331598714,-0.027680120807715897,-0.2204829472450887,0.0,342.67158818085136,20.52243009508745,-33.969304234920074,0.0,-0.5,254.00000000000006,0.054,0.169,1.0000000000000002,-0.054,0.169
24.8,0.10000000000000142,4.25269961204158,-0.024475538809619474,-0.22121524121819697,0.0,343.8711610452401,20.562874065869995,-34.12035252831748,0.0,-0.5,254.00000000000006,0.054,0.169,13.000000000000004,-0.054,0.169
24.9,0.09999999999999787,4.311905713372356,-0.020973970652725937,-0.2212167731407365,0.0,345.10191969191055,20.564253532520194,-34.31047926537555,0.0,-0.5,254.00000000000006,0.054,0.169,174.00000000000003,-0.054,0.169
25.0,0.10000000000000142,4.371945021767661,-0.017470821604614384,-0.2209895571599086,0.0,346.33430255532585,20.564302436785226,-34.50193167911136,0.0,-0.5,255.00000000000006,0.054,0.169,254.00000000000006,-0.054,0.169
25.1,0.10000000000000142,4.432013536321027,-0.013987411849334525,-0.22055177517129526,0.0,347.5667395672972,20.56430423491758,-34.69343009506795,0.0,-0.5,254.00000000000006,0.054,0.169,254.00000000000006,-0.054,0.169
25.2,0.09999999999999787,4.492083074609061,-0.010536562467153038,-0.21990563715258493,0.0,348.7991779498152,20.56430431073571,-34.88493005234567,0.0,-0.5,254.00000000000006,0.054,0.169,254.00000000000006,-0.054,0.169
25.3,0.10000000000000142,4.5521526487780015,-0.007130727320044716,-0.21905349717703443,0.0,350.03161629983833,20.56430431534269,-35.07643005279952,0.0,-0.5,254.00000000000006,0.054,0.169,254.00000000000006,-0.054,0.169
25.4,0.09999999999999787,4.612222224204073,-0.003782192028657594,-0.21799843005417885,0.0,351.2640546364464,20.564304315801294,-35.26793005311273,0.0,-0.5,254.00000000000006,0.054,0.169,254.00000000000006,-0.054,0.169
25.5,0.10000000000000142,4.672291799674117,-5.030356081345277E-4,-0.21674424173675816,0.0,352.496492970713,20.56430431586266,-35.459430053168845,0.0,-0.5,254.00000000000006,0.054,0.169,254.00000000000006,-0.054,0.169
25.6,0.10000000000000142,4.732361375145685,0.0026949131511336544,-0.21529545642191256,0.0,353.72893130461125,20.564304315871702,-35.6509300531775,0.0,-0.5,254.00000000000006,0.054,0.169,254.00000000000006,-0.054,0.169
25.7,0.09999999999999787,4.7924309506173435,0.005800118389089726,-0.21365730026818702,0.0,354.961369638454,20.56430431587307,-35.84243005317861,0.0,-0.5,255.00000000000006,0.054,0.169,254.00000000000006,-0.054,0.169
25.8,0.10000000000000142,4.852500526089004,0.008801378795324638,-0.21183568254551804,0.0,356.1938079722886,20.56430431587325,-36.033930053178764,0.0,-0.5,254.00000000000006,0.054,0.169,255.00000000000006,-0.054,0.169
25.9,0.09999999999999787,4.912570101560663,0.011687868016217379,-0.2098371743190634,0.0,357.4262463061209,20.56430431587325,-36.22543005317849,0.0,-0.5,254.00000000000006,0.054,0.169,255.00000000000006,-0.054,0.169
26.0,0.10000000000000142,4.972639677032324,0.014449173708659904,-0.20766898474561352,0.0,358.6586846399532,20.56430431587325,-36.41693005317794,0.0,-0.5,254.00000000000006,0.054,0.169,254.00000000000006,-0.054,0.169
26.1,0.10000000000000142,5.0327092525039845,0.017075335100202066,-0.20533893506822376,0.0,359.8911229737846,20.56430431587325,-36.60843005317739,0.0,-0.5,254.00000000000006,0.054,0.169,254.00000000000006,-0.054,0.169
26.2,0.09999999999999787,5.092778827975643,0.019556878920241966,-0.2028554304028864,0.0,361.1235613076169,20.56430431587325,-36.79993005317684,0.0,-0.5,254.00000000000006,0.054,0.169,255.00000000000006,-0.054,0.169
26.3,0.10000000000000142,5.152848403447304,0.021884853572661372,-0.2002274294190161,0.0,362.3559996414492,20.56430431587325,-36.99143005317629,0.0,-0.5,255.00000000000006,0.054,0.169,255.00000000000006,-0.054,0.169
26.4,0.09999999999999787,5.212917978918962,0.0240508614266412,-0.19746441202311943,0.0,363.5884379752806,20.56430431587325,-37.18293005317573,0.0,-0.5,254.00000000000006,0.054,0.169,254.00000000000006,-0.054,0.169
26.5,0.10000000000000142,5.272987554390623,0.026047089109175234,-0.19457634516222172,0.0,364.82087630911246,20.56430431587325,-37.37443005317518,0.0,-0.5,254.00000000000006,0.054,0.169,254.00000000000006,-0.054,0.169
26.6,0.10000000000000142,5.333057129862284,0.027866335690007904,-0.1915736468704082,0.0,366.05331464294477,20.56430431587325,-37.56593005317463,0.0,-0.5,254.00000000000006,0.054,0.169,254.00000000000006,-0.054,0.169
26.7,0.09999999999999787,5.393126705333942,0.029502038657327104,-0.18846714868817255,0.0,367.28575297677617,20.56430431587325,-37.757430053174076,0.0,-0.5,255.00000000000006,0.054,0.169,254.00000000000006,-0.054,0.169
26.8,0.10000000000000142,5.453196280805603,0.03094829759050989,-0.185268056590136,0.0,368.5181913106089,20.56430431587325,-37.94893005317353,0.0,-0.5,255.00000000000006,0.054,0.169,254.00000000000006,-0.054,0.169
26.9,0.09999999999999787,5.513265856277261,0.032199895444526505,-0.18198791056208313,0.0,369.7506296444403,20.56430431587325,-38.14043005317297,0.0,-0.5,254.00000000000006,0.054,0.169,255.00000000000006,-0.054,0.169
27.0,0.10000000000000142,5.573335431748922,0.03325231736922572,-0.17863854297312798,0.0,370.98306797827263,20.56430431587325,-38.33193005317242,0.0,-0.5,254.00000000000006,0.054,0.169,255.00000000000006,-0.054,0.169
27.1,0.10000000000000142,5.633405007220583,0.03410176699561325,-0.17523203589317626,0.0,372.2155063121045,20.56430431587325,-38.52343005317187,0.0,-0.5,255.00000000000006,0.054,0.169,254.00000000000006,-0.054,0.169
27.2,0.09999999999999787,5.693474582692241,0.03474518013037664,-0.17178067750964898,0.0,373.44794464593633,20.56430431587325,-38.714930053171315,0.0,-0.5,254.00000000000006,0.054,0.169,254.00000000000006,-0.054,0.169
27.3,0.10000000000000142,5.753544158163902,0.03518023580925439,-0.1682969178006842,0.0,374.68038297976864,20.56430431587325,-38.906430053170766,0.0,-0.5,255.00000000000006,0.054,0.169,254.00000000000006,-0.054,0.169
27.4,0.09999999999999787,5.81361373363556,0.03540536466937873,-0.16479332362471732,0.0,375.9128213136005,20.56430431587325,-39.09793005317021,0.0,-0.5,254.00000000000006,0.054,0.169,254.00000000000006,-0.054,0.169
27.5,0.10000000000000142,5.873683309107221,0.03541975461038929,-0.16128253338844167,0.0,377.1452596474328,20.56430431587325,-39.28943005316966,0.0,-0.5,254.00000000000006,0.054,0.169,254.00000000000006,-0.054,0.169
27.6,0.10000000000000142,5.933752884578882,0.035223353723897705,-0.15777721145667617,0.0,378.37769798126465,20.56430431587325,-39.48093005316911,0.0,-0.5,254.00000000000006,0.054,0.169,254.00000000000006,-0.054,0.169
27.7,0.09999999999999787,5.9938224600505405,0.03481687048073538,-0.15429000246859448,0.0,379.6101363150965,20.56430431587325,-39.672430053168554,0.0,-0.5,255.00000000000006,0.054,0.169,254.00000000000006,-0.054,0.169
27.8,0.10000000000000142,6.0538920355222015,0.034201771175308315,-0.1508334857251092,0.0,380.8425746489288,20.56430431587325,-39.863930053168005,0.0,-0.5,254.00000000000006,0.054,0.169,1.0000000000000002,-0.054,0.169
27.9,0.09999999999999787,6.11396161099386,0.03338027463627885,-0.14742012981195096,0.0,382.0750129827611,20.56430431587325,-40.05543005316745,0.0,-0.5,254.00000000000006,0.054,0.169,254.00000000000006,-0.054,0.169
28.0,0.10000000000000142,6.174031186465521,0.03235534422265368,-0.144062247622124,0.0,383.3074513165925,20.56430431587325,-40.2469300531669,0.0,-0.5,254.00000000000006,0.054,0.169,254.00000000000006,-0.054,0.169
28.1,0.10000000000000142,6.2341007619371815,0.031130677134151102,-0.14077195193999004,0.0,384.5398896504248,20.56430431587325,-40.43843005316635,0.0,-0.5,254.00000000000006,0.054,0.169,254.00000000000006,-0.054,0.169
28.2,0.09999999999999787,6.29417033740884,0.029710691074406742,-0.13756111174719599,0.0,385.77232798425666,20.56430431587325,-40.62993005316579,0.0,-0.5,255.00000000000006,0.054,0.169,254.00000000000006,-0.054,0.169
28.3,0.10000000000000142,6.354239912880501,0.028100508315127892,-0.1344413094080642,0.0,387.00476631808897,20.56430431587325,-40.821430053165244,0.0,-0.5,254.00000000000006,0.054,0.169,254.00000000000006,-0.054,0.169
28.4,0.09999999999999787,6.414309488352159,0.026305937218682254,-0.13142379888888922,0.0,388.2372046519208,20.56430431587325,-41.01293005316469,0.0,-0.5,255.00000000000006,0.054,0.169,1.0000000000000002,-0.054,0.169
28.5,0.10000000000000142,6.47437906382382,0.024333451285771523,-0.128519465161853,0.0,389.46964298575267,20.56430431587325,-41.20443005316414,0.0,-0.5,0.0,0.054,0.169,0.0,-0.054,0.169
28.6,0.10000000000000142,6.534448639295481,0.02219016580377353,-0.125738784940003,0.0,390.7020813195845,20.56430431587325,-41.39593005316359,0.5,-0.5,254.00000000000006,0.054,0.169,255.00000000000006,-0.054,0.169
28.7,0.09999999999999787,6.547135881568518,0.020549262596241374,-0.1208383816631181,0.0,392.4959626403379,20.699172671549075,-41.57124495563463,0.5,-0.5,254.00000000000006,0.054,0.169,255.00000000000006,-0.054,0.169
28.8,0.10000000000000142,6.547568005140064,0.018923454927983627,-0.114871704289674,0.0,394.67963789749365,20.884474920867092,-41.75792480190253,0.5,-0.5,254.00000000000006,0.054,0.169,255.00000000000006,-0.054,0.169
28.9,0.09999999999999787,6.547583174484003,0.017266434655782717,-0.10875263908221178,0.0,396.9312324975526,21.075111007131806,-41.948609247579476,0.5,-0.5,254.00000000000006,0.054,0.169,254.00000000000006,-0.054,0.169
29.0,0.10000000000000142,6.547583707034317,0.015603557523527642,-0.1026106424591542,0.0,399.1933653571941,21.266482156993277,-42.13998209519533,0.5,-0.5,254.00000000000006,0.054,0.169,254.00000000000006,-0.054,0.169
29.1,0.10000000000000142,6.547583725730796,0.013939749195525375,-0.09646516078799199,0.0,401.4571088591647,21.457962615867082,-42.33146261367297,0.5,-0.5,255.00000000000006,0.054,0.169,248.00000000000006,-0.054,0.169
29.2,0.09999999999999787,6.547583726387186,0.012275797576315,-0.09031914825350038,0.0,403.7210979721094,21.649459640695458,-42.52295964059387,0.5,-0.5,254.00000000000006,0.054,0.169,1.0000000000000002,-0.054,0.169
29.3,0.10000000000000142,6.547583726410228,0.010611824067789127,-0.0841730548119453,0.0,405.98512452602563,21.840959187310464,-42.71445918728234,0.0,-0.5,255.00000000000006,0.054,0.169,1.0000000000000002,-0.054,0.169
29.4,0.09999999999999787,6.594964086166016,0.0082724142411231,-0.08028388437887095,0.0,407.5288428317581,21.89759196450973,-42.92213912640983,0.0,-0.5,254.00000000000006,0.054,0.169,0.0,-0.054,0.169
29.5,0.10000000000000142,6.654603141874896,0.005761442227232155,-0.07760378346734641,0.0,408.80280698772594,21.903788699145704,-43.1184633769899,0.0,-0.5,254.00000000000006,0.054,0.169,1.0000000000000002,-0.054,0.169
29.6,0.10000000000000142,6.7146578613252625,0.003144128510757377,-0.07522634729315855,0.0,410.0414873603936,21.904652441317207,-43.31077975861216,0.0,-0.5,254.00000000000006,0.054,0.169,254.00000000000006,-0.054,0.169
29.7,0.09999999999999787,6.77472695207461,3.9883926761200006E-4,-0.0730317609190052,0.0,411.27487635472653,21.90478126846779,-43.50240704048247,0.0,-0.5,254.00000000000006,0.054,0.169,254.00000000000006,-0.054,0.169
29.8,0.10000000000000142,6.834796516047651,-0.0024714882570159025,-0.07100909234976943,0.0,412.50745962166,21.904800806348444,-43.693926541705764,0.0,-0.5,254.00000000000006,0.054,0.169,254.00000000000006,-0.054,0.169
29.9,0.09999999999999787,6.8948660919534275,-0.0054577688598674845,-0.0691628501151923,0.0,413.73992004976526,21.904803781039085,-43.88542951778021,0.0,-0.5,254.00000000000006,0.054,0.169,254.00000000000006,-0.054,0.169
30.0,0.10000000000000142,6.954935667567887,-0.008549450038319056,-0.0674992821922296,0.0,414.97236175154194,21.904804234351175,-44.07692997154743,0.0,-0.5,254.00000000000006,0.054,0.169,254.00000000000006,-0.054,0.169
30.1,0.10000000000000142,7.015005243063972,-0.011735416524291664,-0.06602432887947284,0.0,416.20480059875626,21.904804303445566,-44.26843004071962,0.0,-0.5,255.00000000000006,0.054,0.169,254.00000000000006,-0.054,0.169
30.2,0.09999999999999787,7.07507481853942,-0.015004181904894914,-0.06474330184573167,0.0,417.43723901084377,21.904804313977532,-44.459930051263534,0.0,-0.5,254.00000000000006,0.054,0.169,255.00000000000006,-0.054,0.169
30.3,0.10000000000000142,7.135144394011632,-0.018343955892634184,-0.06366082080529188,0.0,418.6696773566059,21.90480431558293,-44.65143005287056,0.0,-0.5,255.00000000000006,0.054,0.169,254.00000000000006,-0.054,0.169
30.4,0.09999999999999787,7.195213969483342,-0.021742691192655844,-0.06278079037086162,0.0,419.90211569225585,21.904804315827626,-44.842930053115346,0.0,-0.5,0.0,0.054,0.169,254.00000000000006,-0.054,0.169
30.5,0.10000000000000142,7.255283544955003,-0.02518812767977263,-0.06210638502195033,0.0,421.13455402636555,21.90480431586493,-45.03443005315248,0.5,0.0,146.00000000000003,0.054,0.169,254.00000000000006,-0.054,0.169
30.6,0.10000000000000142,7.220589301694361,-0.02731174921047766,-0.05959723640714619,0.0,422.33412674189685,22.055852533449272,-45.07487406665783,0.5,0.0,254.00000000000006,0.054,0.169,254.00000000000006,-0.054,0.169
30.7,0.09999999999999787,7.161383201667387,-0.02892295854630761,-0.05648838038744755,0.0,423.56488536732104,22.245979265910133,-45.076253532867284,0.5,0.0,254.00000000000006,0.054,0.169,255.00000000000006,-0.054,0.169
30.8,0.10000000000000142,7.101343893317894,-0.030331755632173496,-0.053272953348666385,0.0,424.79726822779685,22.437431679189217,-45.07630243682167,0.5,0.0,1.0000000000000002,0.054,0.169,254.00000000000006,-0.054,0.169
30.9,0.09999999999999787,7.041275378766158,-0.03154448485874495,-0.049978247837804426,0.0,426.02970523933027,22.628930095084776,-45.076304234898124,0.5,0.0,192.00000000000006,0.054,0.169,254.00000000000006,-0.054,0.169
31.0,0.10000000000000142,6.981205840478175,-0.03255721428310332,-0.046616665634602775,0.0,427.2621436217819,22.82043005235352,-45.076304310707464,0.5,0.0,254.00000000000006,0.054,0.169,254.00000000000006,-0.054,0.169
31.1,0.10000000000000142,6.921136266309236,-0.033366308760441665,-0.04320034865374996,0.0,428.49458197179547,23.011930052806004,-45.076304315313095,0.5,0.0,254.00000000000006,0.054,0.169,254.00000000000006,-0.054,0.169
31.2,0.09999999999999787,6.861066690883164,-0.03396885054426796,-0.039741620761866145,0.0,429.7270203084013,23.203430053118964,-45.07630431577151,0.5,0.0,254.00000000000006,0.054,0.169,254.00000000000006,-0.054,0.169
31.3,0.10000000000000142,6.800997115413121,-0.034362666165492495,-0.036252958493562575,0.0,430.9594586426683,23.394930053175035,-45.076304315832836,0.5,0.0,255.00000000000006,0.054,0.169,254.00000000000006,-0.054,0.169
31.4,0.09999999999999787,6.740927539941556,-0.0345463350315488,-0.03274694638533238,0.0,432.191896976567,23.586430053183687,-45.0763043158419,0.5,0.0,254.00000000000006,0.054,0.169,255.00000000000006,-0.054,0.169
31.5,0.10000000000000142,6.680857964469895,-0.03451919460022776,-0.029236231564842674,0.0,433.42433531040933,23.777930053184818,-45.076304315843295,0.5,0.0,255.00000000000006,0.054,0.169,254.00000000000006,-0.054,0.169
31.6,0.10000000000000142,6.620788388998234,-0.034281342774473256,-0.0257334781246817,0.0,434.656773644243,23.969430053184773,-45.076304315843394,0.5,0.0,254.00000000000006,0.054,0.169,254.00000000000006,-0.054,0.169
31.7,0.09999999999999787,6.5607188135265755,-0.03383363754981969,-0.02225132143875349,0.0,435.88921197807485,24.160930053184572,-45.076304315843394,0.5,0.0,254.00000000000006,0.054,0.169,1.0000000000000002,-0.054,0.169
31.8,0.10000000000000142,6.500649238054915,-0.03317769391945166,-0.018802322582953286,0.0,437.12165031190716,24.352430053184374,-45.076304315843394,0.0,-0.5,254.00000000000006,0.054,0.169,136.00000000000003,-0.054,0.169
31.9,0.09999999999999787,6.5353434813155555,-0.034716573087238356,-0.0158975943542546,0.0,438.3212230273966,24.392874066684005,-45.22735253342205,0.0,-0.5,254.00000000000006,0.054,0.169,254.00000000000006,-0.054,0.169
32.0,0.10000000000000142,6.594549581342532,-0.03700275567116226,-0.013245359359412956,0.0,439.551981652814,24.3942535328926,-45.41747926588206,0.0,-0.5,255.00000000000006,0.054,0.169,254.00000000000006,-0.054,0.169
32.1,0.10000000000000142,6.654588889692238,-0.03946316890890911,-0.01074135317522551,0.0,440.7843645132921,24.394302436846832,-45.60893167916168,0.0,-0.5,254.00000000000006,0.054,0.169,1.0000000000000002,-0.054,0.169
32.2,0.10000000000000142,6.714657404244189,-0.04207011915638445,-0.008389841536394674,0.0,442.01680152483004,24.39430423492328,-45.80043009505788,0.0,-0.5,254.00000000000006,0.054,0.169,238.00000000000006,-0.054,0.169
32.3,0.09999999999999432,6.77472694253238,-0.0448135579487873,-0.006199088380909865,0.0,443.2492399072862,24.39430431073259,-45.991930052327255,0.0,-0.5,254.00000000000006,0.054,0.169,254.00000000000006,-0.054,0.169
32.4,0.10000000000000142,6.834796516701533,-0.04768356760108233,-0.0041769854698928965,0.0,444.48167825730343,24.394304315338218,-46.18343005278042,0.0,-0.5,254.00000000000006,0.054,0.169,254.00000000000006,-0.054,0.169
32.5,0.10000000000000142,6.8948660921278195,-0.05066979461959045,-0.002330826369118494,0.0,445.7141165939138,24.394304315796642,-46.37493005309407,0.0,-0.5,254.00000000000006,0.054,0.169,254.00000000000006,-0.054,0.169
32.6,0.10000000000000142,6.954935667598075,-0.053761466882720294,-6.672706041117582E-4,0.0,446.94655492818356,24.394304315857973,-46.566430053150846,0.0,-0.5,254.00000000000006,0.054,0.169,254.00000000000006,-0.054,0.169
32.7,0.10000000000000142,7.015005243069857,-0.05694743190088247,8.076809403638197E-4,0.0,448.1789932620868,24.394304315867014,-46.75793005316017,0.0,-0.5,255.00000000000006,0.054,0.169,254.00000000000006,-0.054,0.169
32.8,0.09999999999999432,7.075074818541727,-0.06021619704197834,0.0020887077184836983,0.0,449.4114315959332,24.394304315868375,-46.949430053161954,0.0,-0.5,254.00000000000006,0.054,0.169,255.00000000000006,-0.054,0.169
32.9,0.10000000000000142,7.135144394013601,-0.06355597099094762,0.003171188722219151,0.0,450.6438699297714,24.394304315868556,-47.14093005316279,0.0,-0.5,251.00000000000006,0.054,0.169,255.00000000000006,-0.054,0.169
33.0,0.10000000000000142,7.195213969485475,-0.06695470628474612,0.004051219151416208,0.0,451.8763082636069,24.394304315868556,-47.3324300531632,0.0,-0.5,1.0000000000000002,0.054,0.169,254.00000000000006,-0.054,0.169
33.1,0.10000000000000142,7.255283544957349,-0.07040014277087997,0.004725624499583511,0.0,453.1087465974433,24.394304315868556,-47.523930053163326,0.5,0.0,254.00000000000006,0.054,0.169,254.00000000000006,-0.054,0.169
33.2,0.10000000000000142,7.220589301696504,-0.07252376430144147,0.007234773114285997,0.0,454.3083193129362,24.54535253344788,-47.56437406666298,0.5,0.0,254.00000000000006,0.054,0.169,255.00000000000006,-0.054,0.169
33.3,0.09999999999999432,7.161383201669307,-0.07413497363726021,0.010343629133975019,0.0,455.53907793835856,24.735479265908562,-47.56575353287156,0.5,0.0,254.00000000000006,0.054,0.169,254.00000000000006,-0.054,0.169
33.4,0.10000000000000142,7.1013438933196005,-0.07554377072313345,0.013559056172762138,0.0,456.77146079883687,24.926931679188193,-47.565802436825756,0.5,0.0,254.00000000000006,0.054,0.169,254.00000000000006,-0.054,0.169
33.5,0.10000000000000142,7.041275378767649,-0.07675649994971384,0.016853761683633436,0.0,458.0038978103744,25.118430095084403,-47.56580423490219,0.5,0.0,197.00000000000006,0.054,0.169,254.00000000000006,-0.054,0.169
33.6,0.10000000000000142,6.981205840479453,-0.07776922937408018,0.02021534388684558,0.0,459.23633619282964,25.30993005235382,-47.56580431071153,0.5,0.0,0.0,0.054,0.169,254.00000000000006,-0.054,0.169
33.7,0.10000000000000142,6.921136266310301,-0.07857832385142544,0.0236316608677095,0.0,460.46877454284754,25.501430052806985,-47.56580431531716,0.5,0.0,254.00000000000006,0.054,0.169,254.00000000000006,-0.054,0.169
33.8,0.09999999999999432,6.8610666908840185,-0.07918086563525725,0.027090388759604872,0.0,461.70121287945744,25.69293005312062,-47.56580431577557,0.5,0.0,254.00000000000006,0.054,0.169,254.00000000000006,-0.054,0.169
33.9,0.10000000000000142,6.800997115413763,-0.07957468125648567,0.03057905102792044,0.0,462.9336512137279,25.88443005317737,-47.5658043158369,0.5,0.0,254.00000000000006,0.054,0.169,254.00000000000006,-0.054,0.169
34.0,0.10000000000000142,6.740927539941981,-0.07975835012254456,0.034085063136163024,0.0,464.1660895476307,26.075930053186703,-47.565804315845966,0.5,0.0,254.00000000000006,0.054,0.169,254.00000000000006,-0.054,0.169
34.1,0.10000000000000142,6.680857964470107,-0.07973120969122455,0.03759577795666515,0.0,465.39852788147664,26.26743005318851,-47.56580431584736,0.5,0.0,254.00000000000006,0.054,0.169,254.00000000000006,-0.054,0.169
34.2,0.10000000000000142,6.620788388998233,-0.07949335786546954,0.041098531396838694,0.0,466.63096621531554,26.45893005318914,-47.56580431584746,0.5,0.0,254.00000000000006,0.054,0.169,254.00000000000006,-0.054,0.169
34.3,0.09999999999999432,6.560718813526363,-0.07904565264081403,0.044580688082779055,0.0,467.8634045491515,26.65043005318961,-47.56580431584746,0.5,0.0,255.00000000000006,0.054,0.169,254.00000000000006,-0.054,0.169
34.4,0.10000000000000142,6.500649238054489,-0.0783897090104424,0.048029686938591235,0.0,469.09584288298765,26.84193005319009,-47.56580431584746,0.5,0.0,255.00000000000006,0.054,0.169,254.00000000000006,-0.054,0.169
34.5,0.10000000000000142,6.440579662582615,-0.07752789313948491,0.05143308649758872,0.0,470.32828121682314,27.03343005319057,-47.56580431584746,0.5,0.0,254.00000000000006,0.054,0.169,254.00000000000006,-0.054,0.169
34.6,0.10000000000000142,6.380510087110741,-0.07646331382962476,0.05477860978201467,0.0,471.56071955065954,27.224930053191052,-47.56580431584746,0.5,0.0,254.00000000000006,0.054,0.169,1.0000000000000002,-0.054,0.169
34.7,0.10000000000000142,6.320440511638867,-0.07519981130481487,0.058054188589403935,0.0,472.79315788449526,27.416430053191533,-47.56580431584746,0.0,-0.5,254.00000000000006,0.054,0.169,8.000000000000002,-0.054,0.169
34.8,0.09999999999999432,6.355134754899708,-0.07619314158746629,0.061187699419972916,0.0,473.9927305999888,27.45687406669118,-47.71685253342677,0.0,-0.5,255.00000000000006,0.054,0.169,254.00000000000006,-0.054,0.169
34.9,0.10000000000000142,6.414340854926906,-0.0779669292867883,0.06420674868633501,0.0,475.2234892254105,27.45825353289976,-47.90697926588748,0.0,-0.5,255.00000000000006,0.054,0.169,200.00000000000006,-0.054,0.169
35.0,0.10000000000000142,6.474380163276613,-0.07993869398110467,0.06711119773239792,0.0,476.4558720858886,27.45830243685399,-48.0984316791671,0.0,-0.5,254.00000000000006,0.054,0.169,1.0000000000000002,-0.054,0.169
35.1,0.10000000000000142,6.534448677828564,-0.08208195505743784,0.06989188623329899,0.0,477.6883090974261,27.458304234930438,-48.2899300950633,0.0,-0.5,255.00000000000006,0.054,0.169,254.00000000000006,-0.054,0.169
35.2,0.10000000000000142,6.59451821611676,-0.08438830795907482,0.0725388830389337,0.0,478.9207474798825,27.45830431073975,-48.48143005233269,0.0,-0.5,254.00000000000006,0.054,0.169,254.00000000000006,-0.054,0.169
35.3,0.09999999999999432,6.654587790285908,-0.08684941008416686,0.07504264658944608,0.0,480.15318582989926,27.458304315345377,-48.672930052785844,0.0,-0.5,254.00000000000006,0.054,0.169,254.00000000000006,-0.054,0.169
35.4,0.10000000000000142,6.714657365712195,-0.0894563828620786,0.07739414572120569,0.0,481.38562416650984,27.4583043158038,-48.86443005309949,0.0,-0.5,254.00000000000006,0.054,0.169,254.00000000000006,-0.054,0.169
35.5,0.10000000000000142,6.7747269411824504,-0.09219982223123929,0.07958489801063336,0.0,482.6180625007796,27.45830431586513,-49.05593005315627,0.0,-0.5,254.00000000000006,0.054,0.169,254.00000000000006,-0.054,0.169
35.6,0.10000000000000142,6.834796516654232,-0.09506983187021759,0.08160700083385351,0.0,483.8505008346824,27.458304315874173,-49.247430053165594,0.0,-0.5,254.00000000000006,0.054,0.169,254.00000000000006,-0.054,0.169
35.7,0.10000000000000142,6.894866092126106,-0.09805605888274044,0.08345315992331072,0.0,485.0829391685295,27.458304315875534,-49.43893005316739,0.0,-0.5,1.0000000000000002,0.054,0.169,254.00000000000006,-0.054,0.169
35.8,0.09999999999999432,6.954935667597976,-0.10114773114474926,0.085116715686724,0.0,486.3153775023677,27.458304315875715,-49.63043005316821,0.5,0.0,227.00000000000006,0.054,0.169,254.00000000000006,-0.054,0.169
35.9,0.10000000000000142,6.920241424337131,-0.10243394787820495,0.08814181761728983,0.0,487.5149502178606,27.609352533455088,-49.6708740666679,0.5,0.0,254.00000000000006,0.054,0.169,255.00000000000006,-0.054,0.169
36.0,0.10000000000000142,6.86103532430993,-0.10305326630034681,0.09158818178362295,0.0,488.74570884328296,27.799479265915785,-49.67225353287649,0.5,0.0,254.00000000000006,0.054,0.169,254.00000000000006,-0.054,0.169
36.1,0.10000000000000142,6.800996015960224,-0.10344770442943152,0.09507646199502405,0.0,489.97809170376127,27.990931679195416,-49.672302436830684,0.5,0.0,255.00000000000006,0.054,0.169,254.00000000000006,-0.054,0.169
36.2,0.10000000000000142,6.740927501408272,-0.10363139720979955,0.09858246449684992,0.0,491.210528715299,28.182430095091625,-49.672304234907116,0.5,0.0,6.000000000000002,0.054,0.169,255.00000000000006,-0.054,0.169
36.3,0.09999999999999432,6.680857963120081,-0.10360425781525212,0.10209317941680453,0.0,492.4429670977547,28.373930052361032,-49.672304310716456,0.5,0.0,1.0000000000000002,0.054,0.169,254.00000000000006,-0.054,0.169
36.4,0.10000000000000142,6.6207883889509285,-0.10336640604939659,0.10559593292290352,0.0,493.6754054477717,28.565430052814197,-49.67230431532209,0.5,0.0,13.000000000000004,0.054,0.169,254.00000000000006,-0.054,0.169
36.5,0.10000000000000142,6.560718813524642,-0.10291870082977275,0.10907808962066444,0.0,494.90784378438184,28.756930053127842,-49.6723043157805,0.5,0.0,254.00000000000006,0.054,0.169,254.00000000000006,-0.054,0.169
36.6,0.10000000000000142,6.500649238054386,-0.10226275719993413,0.11252708847835748,0.0,496.14028211865207,28.94843005318459,-49.67230431584183,0.5,0.0,254.00000000000006,0.054,0.169,255.00000000000006,-0.054,0.169
36.7,0.10000000000000142,6.440579662582604,-0.10140094132903602,0.11593048803764684,0.0,497.3727204525551,29.139930053193925,-49.672304315850894,0.5,0.0,254.00000000000006,0.054,0.169,254.00000000000006,-0.054,0.169
36.8,0.09999999999999432,6.380510087110735,-0.10033636201918225,0.11927601132211758,0.0,498.6051587864015,29.33143005319572,-49.67230431585229,0.5,0.0,254.00000000000006,0.054,0.169,254.00000000000006,-0.054,0.169
36.9,0.10000000000000142,6.320440511638861,-0.09907285949437294,0.12255159012951357,0.0,499.8375971202395,29.52293005319635,-49.67230431585239,0.5,0.0,254.00000000000006,0.054,0.169,254.00000000000006,-0.054,0.169
37.0,0.10000000000000142,6.260370936166987,-0.09761499154811487,0.12574540856594635,0.0,501.0700354540759,29.714430053196832,-49.67230431585239,0.5,0.0,254.00000000000006,0.054,0.169,254.00000000000006,-0.054,0.169
37.1,0.10000000000000142,6.2003013606951125,-0.09596801710227135,0.12884594566915236,0.0,502.3024737879116,29.905930053197313,-49.67230431585239,0.5,0.0,254.00000000000006,0.054,0.169,255.00000000000006,-0.054,0.169
37.2,0.10000000000000142,6.140231785223238,-0.0941378772367206,0.13184201696772657,0.0,503.5349121217482,30.097430053197794,-49.67230431585239,0.5,0.0,254.00000000000006,0.054,0.169,254.00000000000006,-0.054,0.169
37.3,0.09999999999999432,6.080162209751369,-0.09213117375828334,0.13472281482652276,0.0,504.7673504555837,30.288930053198264,-49.67230431585239,0.5,0.0,254.00000000000006,0.054,0.169,254.00000000000006,-0.054,0.169
37.4,0.10000000000000142,6.020092634279495,-0.08995514538622862,0.13747794743270175,0.0,505.9997887894194,30.480430053198745,-49.67230431585239,0.5,0.0,255.00000000000006,0.054,0.169,255.00000000000006,-0.054,0.169
37.5,0.10000000000000142,5.960023058807621,-0.08761764164026745,0.1400974762817957,0.0,507.23222712325605,30.671930053199226,-49.67230431585239,0.5,0.0,254.00000000000006,0.054,0.169,1.0000000000000002,-0.054,0.169
37.6,0.10000000000000142,5.8999534833357465,-0.08512709452522263,0.14257195202856704,0.0,508.46466545709154,30.863430053199707,-49.67230431585239,0.0,-0.5,254.00000000000006,0.054,0.169,1.0000000000000002,-0.054,0.169
37.7,0.10000000000000142,5.934647726596592,-0.08475478092938349,0.1458379859784948,0.0,509.6642381725853,30.903874066699355,-49.82335253343171,0.0,-0.5,255.00000000000006,0.054,0.169,28.000000000000007,-0.054,0.169
37.8,0.09999999999999432,5.993853826623788,-0.08514166308767168,0.14931811578506576,0.0,510.8949967980068,30.905253532907935,-50.01347926589241,0.0,-0.5,254.00000000000006,0.054,0.169,1.0000000000000002,-0.054,0.169
37.9,0.10000000000000142,6.053893134973494,-0.08575605690760371,0.15277444338888996,0.0,512.1273796584851,30.90530243686217,-50.20493167917203,0.0,-0.5,254.00000000000006,0.054,0.169,215.00000000000006,-0.054,0.169
38.0,0.10000000000000142,6.113961649525446,-0.08657752778738409,0.15618779689739765,0.0,513.3598166700226,30.905304234938615,-50.396430095068226,0.0,-0.5,254.00000000000006,0.054,0.169,254.00000000000006,-0.054,0.169
38.1,0.10000000000000142,6.174031187813641,-0.08760245723537743,0.15954567947762083,0.0,514.5922550524785,30.905304310747926,-50.58793005233762,0.0,-0.5,254.00000000000006,0.054,0.169,254.00000000000006,-0.054,0.169
38.2,0.10000000000000142,6.234100761982794,-0.08882712428521217,0.16283597524001958,0.0,515.824693402496,30.905304315353554,-50.77943005279079,0.0,-0.5,255.00000000000006,0.054,0.169,254.00000000000006,-0.054,0.169
38.3,0.09999999999999432,6.294170337409076,-0.09024711034349603,0.1660468154455914,0.0,517.0571317391064,30.90530431581198,-50.97093005310442,0.0,-0.5,254.00000000000006,0.054,0.169,254.00000000000006,-0.054,0.169
38.4,0.10000000000000142,6.354239912879332,-0.09185729310280044,0.169166617786691,0.0,518.2895700733759,30.90530431587331,-51.162430053161195,0.0,-0.5,1.0000000000000002,0.054,0.169,254.00000000000006,-0.054,0.169
38.5,0.10000000000000142,6.414309488351113,-0.09365186419927513,0.17218412830617585,0.0,519.5220084072789,30.90530431588235,-51.35393005317052,0.5,0.0,2.0000000000000004,0.054,0.169,254.00000000000006,-0.054,0.169
38.6,0.10000000000000142,6.379615245090266,-0.09319771095939877,0.175439791066771,0.0,520.7215811227825,31.056352533463045,-51.39437406667155,0.5,0.0,254.00000000000006,0.054,0.169,254.00000000000006,-0.054,0.169
38.7,0.10000000000000142,6.320409145063065,-0.09195495577643106,0.17871340387683865,0.0,521.952339748206,31.246479265923945,-51.39575353288031,0.5,0.0,254.00000000000006,0.054,0.169,255.00000000000006,-0.054,0.169
38.8,0.09999999999999432,6.260369836713363,-0.09049781819448696,0.18190721513272418,0.0,523.1847226086841,31.437931679203583,-51.39580243683458,0.5,0.0,254.00000000000006,0.054,0.169,254.00000000000006,-0.054,0.169
38.9,0.10000000000000142,6.200301322161412,-0.08885086919660215,0.1850077563078638,0.0,524.4171596202218,31.6294300950998,-51.39580423491101,0.5,0.0,255.00000000000006,0.054,0.169,255.00000000000006,-0.054,0.169
39.0,0.10000000000000142,6.140231783873216,-0.08702073016877615,0.18800382822535155,0.0,525.6495980026775,31.820930052369217,-51.39580431072035,0.5,0.0,40.00000000000001,0.054,0.169,254.00000000000006,-0.054,0.169
39.1,0.10000000000000142,6.0801622097040635,-0.08501402670776434,0.1908846261715071,0.0,526.882036352695,32.01243005282238,-51.39580431532598,0.5,0.0,1.0000000000000002,0.054,0.169,255.00000000000006,-0.054,0.169
39.2,0.10000000000000142,6.020092634277777,-0.08283799833393996,0.19363975879041112,0.0,528.1144746893056,32.20393005313603,-51.395804315784396,0.5,0.0,0.0,0.054,0.169,254.00000000000006,-0.054,0.169
39.3,0.09999999999999432,5.960023058807526,-0.08050049458746775,0.19625928764139167,0.0,529.3469130235758,32.39543005319279,-51.39580431584572,0.5,0.0,1.0000000000000002,0.054,0.169,255.00000000000006,-0.054,0.169
39.4,0.10000000000000142,5.899953483335744,-0.07800994747232357,0.19873376338844406,0.0,530.5793513574788,32.58693005320212,-51.39580431585479,0.5,0.0,1.0000000000000002,0.054,0.169,254.00000000000006,-0.054,0.169
39.5,0.10000000000000142,5.83988390786387,-0.07537534106160262,0.20105425993325804,0.0,531.8117896913254,32.77843005320391,-51.39580431585618,0.5,0.0,1.0000000000000002,0.054,0.169,254.00000000000006,-0.054,0.169
39.6,0.10000000000000142,5.779814332391996,-0.07260617908929645,0.20321240662076434,0.0,533.0442280251632,32.96993005320475,-51.39580431585628,0.5,0.0,1.0000000000000002,0.054,0.169,255.00000000000006,-0.054,0.169
39.7,0.10000000000000142,5.719744756920122,-0.06971245066755802,0.20520041843532916,0.0,534.2766663589989,33.16143005320516,-51.39580431585628,0.5,0.0,46.00000000000001,0.054,0.169,254.00000000000006,-0.054,0.169
39.8,0.09999999999999432,5.659675181448252,-0.06670459425324379,0.20701112408354655,0.0,535.5091046928353,33.35293005320527,-51.39580431585628,0.5,0.0,158.00000000000003,0.054,0.169,255.00000000000006,-0.054,0.169
39.9,0.10000000000000142,5.599605605976378,-0.06359345999358235,0.20863799186304754,0.0,536.741543026671,33.544430053205396,-51.39580431585628,0.5,0.0,218.00000000000006,0.054,0.169,254.00000000000006,-0.054,0.169
